0.0030303
0.0030303
0.0030303
0
0
0.0030303
0
0
0
0.0030303
0.00909091
0.00606061
0
0.0030303
0
0.0030303
0.00606061
0
0.00606061
0.00606061
0.00909091
0.0030303
0.0030303
0.0030303
0.00606061
0
0.0030303
0
0.00909091
0.0030303
0.00606061
0.0030303
0
0.0030303
0
0.00909091
0.0030303
0.0030303
0.0151515
0.0030303
0.00606061
0.00909091
0.00909091
0.0030303
0
0.0030303
0
0.00909091
0.00606061
0.0030303
0
0
0.0030303
0.00606061
0.00909091
0
0.00606061
0.0030303
0
0.0121212
0
0.0030303
0.0030303
0.00606061
0.00606061
0.0030303
0
0.0030303
0.00606061
0.00909091
0.0030303
0.0151515
0.0030303
0
0.0030303
0
0.00606061
0.00606061
0.00909091
0.00909091
0.0030303
0.00606061
0.00606061
0.0151515
0.00606061
0.0121212
0.00909091
0.00606061
0.00606061
0.0121212
0.0121212
0.0030303
0.0030303
0.00909091
0.00909091
0.00606061
0.00606061
0.00606061
0.00606061
0.00606061
0.00606061
0.00909091
0.0151515
0.0151515
0.0121212
0.00606061
0.00606061
0.0121212
0
0.0030303
0
0.00606061
0.00909091
0.0151515
0.00606061
0.00606061
0.00606061
0.00909091
0.00909091
0.0121212
0.0030303
0.0121212
0.00909091
0.0151515
0.00909091
0.00909091
0.00606061
0.00606061
0.00606061
0.0151515
0.0212121
0.00909091
0.00909091
0.00909091
0.0212121
0.00909091
0.0121212
0.0151515
0.0151515
0.0181818
0.00909091
0.0181818
0.0121212
0.0151515
0.00606061
0.00909091
0.00606061
0.0121212
0.0242424
0.0242424
