0.0332956
0.0908313
0.148367
0.205903
0.263438
0.320974
0.37851
0.436045
0.493581
0.551117
0.608652
0.666188
0.723724
0.781259
0.838795
0.896331
0.953867
1.0114
1.06894
1.12647
1.18401
1.24154
1.29908
1.35662
1.41415
1.47169
1.52922
1.58676
1.64429
1.70183
1.75937
1.8169
1.87444
1.93197
1.98951
2.04704
2.10458
2.16212
2.21965
2.27719
2.33472
2.39226
2.44979
2.50733
2.56487
2.6224
2.67994
2.73747
2.79501
2.85254
2.91008
2.96762
3.02515
3.08269
3.14022
3.19776
3.25529
3.31283
3.37037
3.4279
3.48544
3.54297
3.60051
3.65804
3.71558
3.77311
3.83065
3.88819
3.94572
4.00326
4.06079
4.11833
4.17586
4.2334
4.29094
4.34847
4.40601
4.46354
4.52108
4.57861
4.63615
4.69369
4.75122
4.80876
4.86629
4.92383
4.98136
5.0389
5.09644
5.15397
5.21151
5.26904
5.32658
5.38411
5.44165
5.49919
5.55672
5.61426
5.67179
5.72933
5.78686
5.8444
5.90194
5.95947
6.01701
6.07454
6.13208
6.18961
6.24715
6.30468
6.36222
6.41976
6.47729
6.53483
6.59236
6.6499
6.70743
6.76497
6.82251
6.88004
6.93758
6.99511
7.05265
7.11018
7.16772
7.22526
7.28279
7.34033
7.39786
7.4554
7.51293
7.57047
7.62801
7.68554
7.74308
7.80061
7.85815
7.91568
7.97322
8.03076
8.08829
8.14583
8.20336
8.2609
8.31843
8.37597
8.43351
8.49104
8.54858
8.60611
