0.0030303
0.00606061
0.00909091
0.00909091
0.00909091
0.0121212
0.0121212
0.0121212
0.0121212
0.0151515
0.0242424
0.030303
0.030303
0.0333333
0.0333333
0.0363636
0.0424242
0.0424242
0.0484848
0.0545455
0.0636364
0.0666667
0.069697
0.0727273
0.0787879
0.0787879
0.0818182
0.0818182
0.0909091
0.0939394
0.1
0.10303
0.10303
0.106061
0.106061
0.115152
0.118182
0.121212
0.136364
0.139394
0.145455
0.154545
0.163636
0.166667
0.166667
0.169697
0.169697
0.178788
0.184848
0.187879
0.187879
0.187879
0.190909
0.19697
0.206061
0.206061
0.212121
0.215152
0.215152
0.227273
0.227273
0.230303
0.233333
0.239394
0.245455
0.248485
0.248485
0.251515
0.257576
0.266667
0.269697
0.284848
0.287879
0.287879
0.290909
0.290909
0.29697
0.30303
0.312121
0.321212
0.324242
0.330303
0.336364
0.351515
0.357576
0.369697
0.378788
0.384848
0.390909
0.40303
0.415152
0.418182
0.421212
0.430303
0.439394
0.445455
0.451515
0.457576
0.463636
0.469697
0.475758
0.484848
0.5
0.515152
0.527273
0.533333
0.539394
0.551515
0.551515
0.554545
0.554545
0.560606
0.569697
0.584848
0.590909
0.59697
0.60303
0.612121
0.621212
0.633333
0.636364
0.648485
0.657576
0.672727
0.681818
0.690909
0.69697
0.70303
0.709091
0.724242
0.745455
0.754545
0.763636
0.772727
0.793939
0.80303
0.815152
0.830303
0.845455
0.863636
0.872727
0.890909
0.90303
0.918182
0.924242
0.933333
0.939394
0.951515
0.975758
1
