0.000239914
0.000469831
0.000739734
0.000979647
0.00131952
0.00170938
0.00195929
0.00219921
0.00244912
0.00281899
0.00316886
0.00364869
0.00410852
0.00462833
0.0052881
0.00601783
0.00730737
0.00899676
0.996531
0.997721
0.99871
0.9995
0.99981
0.99996
1
1
1
1
1
1
1
1
1
1
1
1
1
1
1
1
1
1
1
1
1
1
1
1
1
1
1
1
1
1
1
1
1
1
1
1
1
1
1
1
1
1
1
1
1
1
1
1
1
1
1
1
1
1
1
1
1
1
1
1
1
1
1
1
1
1
1
1
1
1
1
1
1
1
1
1
1
1
1
1
1
1
1
1
1
1
1
1
1
1
1
1
1
1
1
1
1
1
1
1
1
1
1
1
1
1
1
1
1
1
1
1
1
1
1
1
1
1
1
1
1
1
1
1
1
1
