0.000339898
0.000509847
0.000729781
0.000959712
0.00125962
0.00153954
0.00172948
0.00201939
0.0023393
0.0026692
0.00301909
0.00344897
0.00392882
0.00457863
0.00518844
0.00568829
0.00647806
0.00770769
0.00912726
0.0117765
0.997191
0.998231
0.99916
0.99962
0.9999
1
1
1
1
1
1
1
1
1
1
1
1
1
1
1
1
1
1
1
1
1
1
1
1
1
1
1
1
1
1
1
1
1
1
1
1
1
1
1
1
1
1
1
1
1
1
1
1
1
1
1
1
1
1
1
1
1
1
1
1
1
1
1
1
1
1
1
1
1
1
1
1
1
1
1
1
1
1
1
1
1
1
1
1
1
1
1
1
1
1
1
1
1
1
1
1
1
1
1
1
1
1
1
1
1
1
1
1
1
1
1
1
1
1
1
1
1
1
1
1
1
1
1
1
1
