0.000249908
0.000479822
0.000699741
0.000939652
0.00117956
0.00143947
0.0016294
0.00184932
0.0021492
0.00249908
0.00278897
0.00326879
0.00368864
0.00424843
0.00478823
0.005398
0.00609774
0.00678749
0.00798704
0.0094465
0.0118556
0.996381
0.997701
0.99869
0.99929
0.99978
0.99995
1
1
1
1
1
1
1
1
1
1
1
1
1
1
1
1
1
1
1
1
1
1
1
1
1
1
1
1
1
1
1
1
1
1
1
1
1
1
1
1
1
1
1
1
1
1
1
1
1
1
1
1
1
1
1
1
1
1
1
1
1
1
1
1
1
1
1
1
1
1
1
1
1
1
1
1
1
1
1
1
1
1
1
1
1
1
1
1
1
1
1
1
1
1
1
1
1
1
1
1
1
1
1
1
1
1
1
1
1
1
1
1
1
1
1
1
1
1
1
1
1
1
1
