0.000219908
0.000429819
0.000679714
0.000829652
0.00107955
0.00128946
0.00154935
0.00181924
0.00203914
0.00232902
0.00258891
0.00299874
0.00341856
0.0038084
0.00435817
0.00484796
0.00532776
0.00609744
0.00679715
0.00763679
0.00897623
0.0112353
0.996122
0.997361
0.998381
0.9992
0.99972
0.99991
1
1
1
1
1
1
1
1
1
1
1
1
1
1
1
1
1
1
1
1
1
1
1
1
1
1
1
1
1
1
1
1
1
1
1
1
1
1
1
1
1
1
1
1
1
1
1
1
1
1
1
1
1
1
1
1
1
1
1
1
1
1
1
1
1
1
1
1
1
1
1
1
1
1
1
1
1
1
1
1
1
1
1
1
1
1
1
1
1
1
1
1
1
1
1
1
1
1
1
1
1
1
1
1
1
1
1
1
1
1
1
1
1
1
1
1
1
1
1
1
1
1
