0.000269908
0.000519823
0.000769738
0.000979667
0.00112962
0.00135954
0.00152948
0.00174941
0.00202931
0.00231921
0.0026591
0.00288902
0.00327889
0.00366875
0.00415859
0.00463842
0.00520823
0.00577804
0.00627787
0.00709759
0.00811724
0.00943679
0.0115361
0.995472
0.996711
0.997911
0.99896
0.99951
0.99985
0.99997
1
1
1
1
1
1
1
1
1
1
1
1
1
1
1
1
1
1
1
1
1
1
1
1
1
1
1
1
1
1
1
1
1
1
1
1
1
1
1
1
1
1
1
1
1
1
1
1
1
1
1
1
1
1
1
1
1
1
1
1
1
1
1
1
1
1
1
1
1
1
1
1
1
1
1
1
1
1
1
1
1
1
1
1
1
1
1
1
1
1
1
1
1
1
1
1
1
1
1
1
1
1
1
1
1
1
1
1
1
1
1
1
1
1
1
1
1
1
1
1
