0.0002499
0.000489804
0.000829668
0.0010096
0.00128948
0.00158936
0.00188924
0.00220912
0.00245902
0.0027489
0.00307877
0.00339864
0.00380848
0.00416833
0.00463814
0.00501799
0.00540784
0.00593762
0.00639744
0.00713714
0.00788685
0.00896641
0.0103259
0.0119452
0.0148041
0.996202
0.997371
0.998501
0.99916
0.99971
0.99991
0.99997
1
1
1
1
1
1
1
1
1
1
1
1
1
1
1
1
1
1
1
1
1
1
1
1
1
1
1
1
1
1
1
1
1
1
1
1
1
1
1
1
1
1
1
1
1
1
1
1
1
1
1
1
1
1
1
1
1
1
1
1
1
1
1
1
1
1
1
1
1
1
1
1
1
1
1
1
1
1
1
1
1
1
1
1
1
1
1
1
1
1
1
1
1
1
1
1
1
1
1
1
1
1
1
1
1
1
1
1
1
1
1
1
1
1
1
1
1
1
