0.000179924
0.000449811
0.000739689
0.000949601
0.0011895
0.00140941
0.00159933
0.00175926
0.00199916
0.00225905
0.00258891
0.00288879
0.00320865
0.00348853
0.00383839
0.00417825
0.00460806
0.00509786
0.00560765
0.00609744
0.00672717
0.00742688
0.00829652
0.00944603
0.0110654
0.0134344
0.995362
0.996881
0.998011
0.99888
0.99943
0.99974
0.99996
1
1
1
1
1
1
1
1
1
1
1
1
1
1
1
1
1
1
1
1
1
1
1
1
1
1
1
1
1
1
1
1
1
1
1
1
1
1
1
1
1
1
1
1
1
1
1
1
1
1
1
1
1
1
1
1
1
1
1
1
1
1
1
1
1
1
1
1
1
1
1
1
1
1
1
1
1
1
1
1
1
1
1
1
1
1
1
1
1
1
1
1
1
1
1
1
1
1
1
1
1
1
1
1
1
1
1
1
1
1
1
1
1
1
1
1
1
