0.000179926
0.000329865
0.000519787
0.000669725
0.000879639
0.00111954
0.00140942
0.00154936
0.00173929
0.00207915
0.00226907
0.00258894
0.00300877
0.00339861
0.00369848
0.00406833
0.00445817
0.00475805
0.00520786
0.00570766
0.00620745
0.00668726
0.00743695
0.00841655
0.00943613
0.0108056
0.0125948
0.995022
0.996112
0.997321
0.998491
0.99917
0.99968
0.99993
0.99998
1
1
1
1
1
1
1
1
1
1
1
1
1
1
1
1
1
1
1
1
1
1
1
1
1
1
1
1
1
1
1
1
1
1
1
1
1
1
1
1
1
1
1
1
1
1
1
1
1
1
1
1
1
1
1
1
1
1
1
1
1
1
1
1
1
1
1
1
1
1
1
1
1
1
1
1
1
1
1
1
1
1
1
1
1
1
1
1
1
1
1
1
1
1
1
1
1
1
1
1
1
1
1
1
1
1
1
1
1
1
1
1
1
1
1
