0.000269876
0.000459788
0.000659697
0.000849609
0.00102953
0.00124943
0.0015193
0.00177918
0.00193911
0.00213902
0.0023889
0.00266877
0.00287868
0.00327849
0.00361834
0.00394818
0.00424805
0.00458789
0.00492773
0.0054375
0.0058673
0.00643704
0.00708674
0.00779641
0.00887592
0.00969554
0.0111449
0.0127741
0.994203
0.995572
0.996772
0.997861
0.998801
0.99937
0.99981
0.99996
1
1
1
1
1
1
1
1
1
1
1
1
1
1
1
1
1
1
1
1
1
1
1
1
1
1
1
1
1
1
1
1
1
1
1
1
1
1
1
1
1
1
1
1
1
1
1
1
1
1
1
1
1
1
1
1
1
1
1
1
1
1
1
1
1
1
1
1
1
1
1
1
1
1
1
1
1
1
1
1
1
1
1
1
1
1
1
1
1
1
1
1
1
1
1
1
1
1
1
1
1
1
1
1
1
1
1
1
1
1
1
1
1
1
