0.000179912
0.000399804
0.000619696
0.000889564
0.00100951
0.00127937
0.00149927
0.00167918
0.00185909
0.00214895
0.00234885
0.00261872
0.00287859
0.00318844
0.00343832
0.0036682
0.00400804
0.0044978
0.00483763
0.00523743
0.00562724
0.00600706
0.00650681
0.00708653
0.00770622
0.00861578
0.00956531
0.0107147
0.012164
0.0144929
0.994803
0.996122
0.997111
0.998311
0.99908
0.99949
0.99977
0.99994
1
1
1
1
1
1
1
1
1
1
1
1
1
1
1
1
1
1
1
1
1
1
1
1
1
1
1
1
1
1
1
1
1
1
1
1
1
1
1
1
1
1
1
1
1
1
1
1
1
1
1
1
1
1
1
1
1
1
1
1
1
1
1
1
1
1
1
1
1
1
1
1
1
1
1
1
1
1
1
1
1
1
1
1
1
1
1
1
1
1
1
1
1
1
1
1
1
1
1
1
1
1
1
1
1
1
1
1
1
1
1
1
