0.000199902
0.000369819
0.000539736
0.000829594
0.00107947
0.00130936
0.00161921
0.00181911
0.00207898
0.00230887
0.00252876
0.00272866
0.00304851
0.00334836
0.0036682
0.00405801
0.00430789
0.00465772
0.00496757
0.00546732
0.00578716
0.00621695
0.0067367
0.00727643
0.00778619
0.00847585
0.00913552
0.0103749
0.0151726
0.0406201
0.131995
0.805695
0.944127
0.987356
0.997011
0.998501
0.99908
0.99966
0.9999
0.99998
1
1
1
1
1
1
1
1
1
1
1
1
1
1
1
1
1
1
1
1
1
1
1
1
1
1
1
1
1
1
1
1
1
1
1
1
1
1
1
1
1
1
1
1
1
1
1
1
1
1
1
1
1
1
1
1
1
1
1
1
1
1
1
1
1
1
1
1
1
1
1
1
1
1
1
1
1
1
1
1
1
1
1
1
1
1
1
1
1
1
1
1
1
1
1
1
1
1
1
1
1
1
1
1
1
1
1
1
1
1
