0.00026987
0.000449784
0.000709659
0.000939549
0.00116944
0.00137934
0.00155925
0.00180913
0.00202903
0.00218895
0.00240884
0.00262874
0.00283864
0.00308852
0.00339837
0.00370822
0.00392811
0.00422797
0.00450784
0.00490764
0.00530745
0.00568727
0.00617704
0.00663681
0.00711658
0.00780625
0.00846594
0.00926555
0.0105649
0.0160623
0.0398609
0.108538
0.33288
0.871941
0.957021
0.988655
0.997071
0.998711
0.99943
0.99971
0.99991
0.99998
0.99998
0.99999
1
1
1
1
1
1
1
1
1
1
1
1
1
1
1
1
1
1
1
1
1
1
1
1
1
1
1
1
1
1
1
1
1
1
1
1
1
1
1
1
1
1
1
1
1
1
1
1
1
1
1
1
1
1
1
1
1
1
1
1
1
1
1
1
1
1
1
1
1
1
1
1
1
1
1
1
1
1
1
1
1
1
1
1
1
1
1
1
1
1
1
1
1
1
1
1
1
1
1
1
1
1
1
1
1
1
