0.000269857
0.000449762
0.00067964
0.000949497
0.00122935
0.00142924
0.00160915
0.00180904
0.00203892
0.00230878
0.00247869
0.0026386
0.00287847
0.00312834
0.00342818
0.00378799
0.00406784
0.0043377
0.00468752
0.00507731
0.0054771
0.00586689
0.00624669
0.00668646
0.0071662
0.007556
0.0081057
0.00888529
0.00968487
0.0112141
0.0177106
0.0400488
0.0944899
0.219624
0.769952
0.900143
0.963659
0.989775
0.997141
0.998811
0.99942
0.99977
0.99993
0.99999
0.99999
1
1
1
1
1
1
1
1
1
1
1
1
1
1
1
1
1
1
1
1
1
1
1
1
1
1
1
1
1
1
1
1
1
1
1
1
1
1
1
1
1
1
1
1
1
1
1
1
1
1
1
1
1
1
1
1
1
1
1
1
1
1
1
1
1
1
1
1
1
1
1
1
1
1
1
1
1
1
1
1
1
1
1
1
1
1
1
1
1
1
1
1
1
1
1
1
1
1
1
1
1
1
1
1
1
