0.000259883
0.000479784
0.000649708
0.000859613
0.00109951
0.00130941
0.0015493
0.00182918
0.0020091
0.00219901
0.00252886
0.00280874
0.00308861
0.00325853
0.00359838
0.00385826
0.00409816
0.00433805
0.0046579
0.00499775
0.00542756
0.00574741
0.00620721
0.00668699
0.00709681
0.00756659
0.00818632
0.00875606
0.00952571
0.0103154
0.0123245
0.0203708
0.0414314
0.0873007
0.179369
0.650927
0.820131
0.915968
0.967165
0.990524
0.997451
0.99908
0.99955
0.99985
0.99995
1
1
1
1
1
1
1
1
1
1
1
1
1
1
1
1
1
1
1
1
1
1
1
1
1
1
1
1
1
1
1
1
1
1
1
1
1
1
1
1
1
1
1
1
1
1
1
1
1
1
1
1
1
1
1
1
1
1
1
1
1
1
1
1
1
1
1
1
1
1
1
1
1
1
1
1
1
1
1
1
1
1
1
1
1
1
1
1
1
1
1
1
1
1
1
1
1
1
1
1
1
1
1
1
1
