0.000289858
0.000499755
0.000729642
0.000899559
0.00115943
0.00133934
0.00158922
0.00184909
0.00210897
0.00227888
0.00254875
0.00278863
0.00302852
0.00335835
0.00359824
0.0038781
0.00415796
0.00439784
0.00467771
0.00504753
0.00528741
0.00563724
0.00601705
0.00656678
0.00707653
0.00761627
0.00807604
0.00858579
0.00905556
0.00961529
0.0105648
0.0132735
0.0218893
0.0419295
0.0813901
0.153445
0.292926
0.724375
0.844716
0.922538
0.967506
0.990375
0.997321
0.99913
0.99966
0.99982
0.99997
0.99999
1
1
1
1
1
1
1
1
1
1
1
1
1
1
1
1
1
1
1
1
1
1
1
1
1
1
1
1
1
1
1
1
1
1
1
1
1
1
1
1
1
1
1
1
1
1
1
1
1
1
1
1
1
1
1
1
1
1
1
1
1
1
1
1
1
1
1
1
1
1
1
1
1
1
1
1
1
1
1
1
1
1
1
1
1
1
1
1
1
1
1
1
1
1
1
1
1
1
1
1
1
1
