0.000289861
0.000489765
0.000699664
0.000919559
0.00113945
0.00126939
0.0014593
0.0016592
0.00191908
0.002079
0.0022889
0.00247881
0.00264873
0.00293859
0.00316848
0.00342835
0.00366824
0.00384815
0.004158
0.0043779
0.00469775
0.00507756
0.00550736
0.00573725
0.00607708
0.00655685
0.00695666
0.00747641
0.00793619
0.00864585
0.00914561
0.0105449
0.0141932
0.0232688
0.0427095
0.0781825
0.135775
0.233648
0.627629
0.764763
0.861497
0.927685
0.968395
0.989365
0.997161
0.99913
0.9997
0.99987
0.99996
1
1
1
1
1
1
1
1
1
1
1
1
1
1
1
1
1
1
1
1
1
1
1
1
1
1
1
1
1
1
1
1
1
1
1
1
1
1
1
1
1
1
1
1
1
1
1
1
1
1
1
1
1
1
1
1
1
1
1
1
1
1
1
1
1
1
1
1
1
1
1
1
1
1
1
1
1
1
1
1
1
1
1
1
1
1
1
1
1
1
1
1
1
1
1
1
1
1
1
1
1
