0.000229897
0.000499775
0.000729672
0.000949573
0.00113949
0.00131941
0.0015593
0.00173922
0.00192913
0.00215903
0.00237893
0.00264881
0.00285871
0.00314858
0.00337848
0.00362837
0.00383827
0.00415813
0.00451797
0.00483782
0.00517767
0.00549753
0.0057674
0.0060073
0.00638713
0.00682693
0.00726673
0.00769654
0.00815633
0.0086661
0.00925583
0.00996552
0.0116747
0.0161128
0.026598
0.0458294
0.0765755
0.124404
0.19952
0.523744
0.679474
0.785307
0.868779
0.928332
0.967425
0.987975
0.996611
0.99912
0.99971
0.99991
0.99999
0.99999
1
1
1
1
1
1
1
1
1
1
1
1
1
1
1
1
1
1
1
1
1
1
1
1
1
1
1
1
1
1
1
1
1
1
1
1
1
1
1
1
1
1
1
1
1
1
1
1
1
1
1
1
1
1
1
1
1
1
1
1
1
1
1
1
1
1
1
1
1
1
1
1
1
1
1
1
1
1
1
1
1
1
1
1
1
1
1
1
1
1
1
1
1
1
1
1
1
1
