0.000259849
0.000479722
0.0006896
0.000919467
0.00108937
0.00124928
0.00141918
0.00160907
0.00185892
0.00208879
0.00232865
0.00253853
0.0027584
0.00302824
0.00325811
0.00351796
0.0037878
0.00390773
0.00407763
0.0043075
0.0046473
0.00494713
0.00523696
0.00563673
0.00590657
0.00626637
0.00676608
0.00711587
0.00766555
0.00813528
0.008615
0.00911471
0.00998421
0.0123928
0.0179096
0.0281537
0.0468328
0.0739971
0.115513
0.175988
0.27504
0.597543
0.711857
0.801355
0.875542
0.929611
0.966509
0.986828
0.996092
0.998911
0.99969
0.9999
0.99998
1
1
1
1
1
1
1
1
1
1
1
1
1
1
1
1
1
1
1
1
1
1
1
1
1
1
1
1
1
1
1
1
1
1
1
1
1
1
1
1
1
1
1
1
1
1
1
1
1
1
1
1
1
1
1
1
1
1
1
1
1
1
1
1
1
1
1
1
1
1
1
1
1
1
1
1
1
1
1
1
1
1
1
1
1
1
1
1
1
1
1
1
1
1
1
1
1
