0.000169903
0.000349801
0.000609652
0.000829527
0.0010594
0.0012193
0.00137921
0.00154912
0.00181896
0.00202884
0.00216876
0.00238864
0.0026385
0.00283838
0.00301828
0.00324815
0.00349801
0.00366791
0.00388778
0.00416762
0.00448744
0.00475729
0.00507711
0.00541691
0.0056068
0.0059566
0.00635638
0.00675615
0.00712594
0.00741577
0.00793548
0.00834524
0.00902486
0.0102542
0.0134323
0.019379
0.0300129
0.0483424
0.0724587
0.107968
0.15727
0.232228
0.517565
0.636547
0.730184
0.809788
0.8773
0.928021
0.963671
0.984869
0.995293
0.998821
0.99975
0.99995
0.99999
1
1
1
1
1
1
1
1
1
1
1
1
1
1
1
1
1
1
1
1
1
1
1
1
1
1
1
1
1
1
1
1
1
1
1
1
1
1
1
1
1
1
1
1
1
1
1
1
1
1
1
1
1
1
1
1
1
1
1
1
1
1
1
1
1
1
1
1
1
1
1
1
1
1
1
1
1
1
1
1
1
1
1
1
1
1
1
1
1
1
1
1
1
1
1
