0.000109941
0.00025986
0.000539709
0.000789574
0.00100945
0.00120935
0.00140924
0.00164911
0.00195894
0.00216883
0.00237872
0.0025886
0.00287845
0.00309833
0.00324825
0.00347812
0.00379795
0.00408779
0.00439763
0.00470746
0.00501729
0.00531713
0.005547
0.0059268
0.00620665
0.0064865
0.00672637
0.00707618
0.00747596
0.00784576
0.00830552
0.0086953
0.00929498
0.0100646
0.0117636
0.0154816
0.0224379
0.0340116
0.0515622
0.0749495
0.105933
0.149149
0.208997
0.44514
0.567414
0.661563
0.744458
0.817039
0.878546
0.92602
0.960881
0.983189
0.994203
0.998551
0.99963
0.99988
0.99998
0.99999
1
1
1
1
1
1
1
1
1
1
1
1
1
1
1
1
1
1
1
1
1
1
1
1
1
1
1
1
1
1
1
1
1
1
1
1
1
1
1
1
1
1
1
1
1
1
1
1
1
1
1
1
1
1
1
1
1
1
1
1
1
1
1
1
1
1
1
1
1
1
1
1
1
1
1
1
1
1
1
1
1
1
1
1
1
1
1
1
1
1
1
1
