0.000209899
0.000389813
0.000639693
0.000909563
0.00114945
0.00128938
0.00151927
0.00170918
0.00197905
0.00214897
0.00231889
0.00248881
0.0027087
0.00293859
0.00319846
0.00348833
0.0037582
0.00402807
0.00428794
0.00450784
0.00482768
0.00509755
0.0054074
0.00578722
0.00607708
0.00638693
0.00676675
0.0070866
0.0072965
0.00763633
0.00808612
0.0085359
0.00903566
0.00965537
0.0107548
0.0131637
0.0178115
0.0253079
0.0362826
0.0522649
0.0736746
0.101851
0.138134
0.18689
0.264283
0.501379
0.595884
0.678734
0.753438
0.819397
0.876949
0.923027
0.95754
0.980649
0.992793
0.997791
0.99958
0.99989
0.99996
1
1
1
1
1
1
1
1
1
1
1
1
1
1
1
1
1
1
1
1
1
1
1
1
1
1
1
1
1
1
1
1
1
1
1
1
1
1
1
1
1
1
1
1
1
1
1
1
1
1
1
1
1
1
1
1
1
1
1
1
1
1
1
1
1
1
1
1
1
1
1
1
1
1
1
1
1
1
1
1
1
1
1
1
1
1
1
1
1
1
1
