0.000149937
0.000389836
0.000699706
0.000849643
0.00107955
0.00134943
0.00157934
0.00177925
0.00201915
0.00220907
0.00248895
0.00270886
0.00292877
0.0030987
0.00331861
0.00359849
0.00390836
0.00415825
0.00439815
0.00460806
0.00497791
0.0052378
0.0054677
0.00575758
0.00612743
0.00640731
0.00672717
0.00709702
0.00745687
0.00771676
0.00816657
0.00862638
0.00898623
0.00946602
0.0101357
0.011785
0.0149537
0.0203215
0.0279583
0.0393935
0.0549569
0.0744587
0.0995782
0.131275
0.173897
0.233252
0.447502
0.538404
0.61962
0.693849
0.7618
0.823514
0.877252
0.921243
0.955469
0.978029
0.991204
0.997301
0.9993
0.99985
0.99997
0.99999
1
1
1
1
1
1
1
1
1
1
1
1
1
1
1
1
1
1
1
1
1
1
1
1
1
1
1
1
1
1
1
1
1
1
1
1
1
1
1
1
1
1
1
1
1
1
1
1
1
1
1
1
1
1
1
1
1
1
1
1
1
1
1
1
1
1
1
1
1
1
1
1
1
1
1
1
1
1
1
1
1
1
1
1
1
1
1
1
