0.000159915
0.000329825
0.000549709
0.000719619
0.000909518
0.0011394
0.00135928
0.00157916
0.00174907
0.00190899
0.00214886
0.00241872
0.00267858
0.00289846
0.00315833
0.0033982
0.00362808
0.00385796
0.00409783
0.00427773
0.00463754
0.00492739
0.00522723
0.00549709
0.00574695
0.00594685
0.00625668
0.00663648
0.00701628
0.00732612
0.00771591
0.00814568
0.00860544
0.00893526
0.00954494
0.0106044
0.0127033
0.0168211
0.022628
0.0310835
0.0424575
0.0567899
0.0747004
0.0970386
0.124774
0.161754
0.210448
0.39596
0.485583
0.561912
0.634454
0.703207
0.766304
0.823703
0.875286
0.917414
0.951606
0.974943
0.989306
0.996602
0.99915
0.99983
0.99999
1
1
1
1
1
1
1
1
1
1
1
1
1
1
1
1
1
1
1
1
1
1
1
1
1
1
1
1
1
1
1
1
1
1
1
1
1
1
1
1
1
1
1
1
1
1
1
1
1
1
1
1
1
1
1
1
1
1
1
1
1
1
1
1
1
1
1
1
1
1
1
1
1
1
1
1
1
1
1
1
1
1
1
1
1
1
1
