0.000189924
0.000329868
0.000489804
0.000669732
0.000839664
0.00102959
0.00135946
0.00157937
0.00184926
0.00206917
0.00228908
0.00255898
0.00277889
0.00306877
0.00332867
0.00355858
0.00388844
0.0040084
0.00428828
0.00452819
0.0047381
0.00495802
0.00528788
0.00553778
0.00581767
0.00613755
0.00642743
0.00668732
0.00693723
0.00723711
0.00754698
0.00797681
0.00841663
0.00872651
0.00918633
0.00996601
0.0115454
0.0140644
0.0185126
0.0247801
0.0327569
0.0434426
0.0571571
0.0741503
0.0952119
0.120042
0.152359
0.194402
0.347591
0.438675
0.513744
0.582997
0.648481
0.711236
0.771192
0.82558
0.87469
0.915544
0.948431
0.972761
0.987345
0.995692
0.998661
0.99973
0.99995
1
1
1
1
1
1
1
1
1
1
1
1
1
1
1
1
1
1
1
1
1
1
1
1
1
1
1
1
1
1
1
1
1
1
1
1
1
1
1
1
1
1
1
1
1
1
1
1
1
1
1
1
1
1
1
1
1
1
1
1
1
1
1
1
1
1
1
1
1
1
1
1
1
1
1
1
1
1
1
1
1
1
1
1
1
