0.00017991
0.000289855
0.000469765
0.00067966
0.00087956
0.00105947
0.00129935
0.00150925
0.00166917
0.00184908
0.00203898
0.00229885
0.00245877
0.00269865
0.00291854
0.00315842
0.00343828
0.00366817
0.00387806
0.00409795
0.00433783
0.00458771
0.00490755
0.00523738
0.0053973
0.00576712
0.005997
0.00631684
0.00670665
0.00708646
0.0074063
0.00775612
0.00794603
0.00836582
0.00870565
0.00933533
0.0104848
0.0126937
0.0163418
0.0211494
0.0277961
0.0361219
0.0465267
0.0591504
0.0746827
0.0931634
0.115882
0.143968
0.17919
0.229925
0.395012
0.464148
0.529885
0.593113
0.654063
0.713433
0.771204
0.823438
0.871644
0.913523
0.946517
0.970265
0.985757
0.994463
0.998311
0.99969
0.99993
0.99998
0.99999
1
1
1
1
1
1
1
1
1
1
1
1
1
1
1
1
1
1
1
1
1
1
1
1
1
1
1
1
1
1
1
1
1
1
1
1
1
1
1
1
1
1
1
1
1
1
1
1
1
1
1
1
1
1
1
1
1
1
1
1
1
1
1
1
1
1
1
1
1
1
1
1
1
1
1
1
1
1
1
1
1
