0.000159928
0.000379829
0.000569744
0.000789645
0.000969564
0.00122945
0.00143935
0.00165925
0.00192913
0.00216902
0.00236893
0.00259883
0.0028887
0.00307861
0.00329852
0.00349843
0.00374831
0.0039982
0.00433805
0.00460793
0.00490779
0.00518767
0.00546754
0.0057774
0.00609726
0.00637713
0.00674696
0.00699685
0.00730671
0.00759658
0.00787646
0.00837623
0.00877605
0.00915588
0.00963566
0.0102654
0.011075
0.0127643
0.0152631
0.0191214
0.0240792
0.0305862
0.0386326
0.0485082
0.0610125
0.0757759
0.0925384
0.113109
0.137578
0.169114
0.210835
0.358579
0.424609
0.487151
0.546444
0.605198
0.663841
0.719406
0.773262
0.823839
0.870318
0.91036
0.943176
0.967395
0.983887
0.993653
0.998121
0.99953
0.99992
1
1
1
1
1
1
1
1
1
1
1
1
1
1
1
1
1
1
1
1
1
1
1
1
1
1
1
1
1
1
1
1
1
1
1
1
1
1
1
1
1
1
1
1
1
1
1
1
1
1
1
1
1
1
1
1
1
1
1
1
1
1
1
1
1
1
1
1
1
1
1
1
1
1
1
1
1
1
1
1
1
