0.000189918
0.000369841
0.000619734
0.000799656
0.00104955
0.00129944
0.00150935
0.00171926
0.00189918
0.00219905
0.00243895
0.00264886
0.00292874
0.00322861
0.0034885
0.00381836
0.00409824
0.00436812
0.00463801
0.00498786
0.00524774
0.00559759
0.00588747
0.00616735
0.00644723
0.00676709
0.00701698
0.00734684
0.00758674
0.00797657
0.00830643
0.00855632
0.00886619
0.00921604
0.00962586
0.0101456
0.0110353
0.0124946
0.0148436
0.0182721
0.0228702
0.0285677
0.0355947
0.044231
0.0533571
0.065002
0.079086
0.0947493
0.113821
0.137171
0.165589
0.204112
0.340004
0.400568
0.457063
0.514059
0.569365
0.623782
0.678358
0.731885
0.782214
0.830753
0.874514
0.911948
0.942455
0.966424
0.982777
0.992753
0.997571
0.99933
0.99989
0.99999
1
1
1
1
1
1
1
1
1
1
1
1
1
1
1
1
1
1
1
1
1
1
1
1
1
1
1
1
1
1
1
1
1
1
1
1
1
1
1
1
1
1
1
1
1
1
1
1
1
1
1
1
1
1
1
1
1
1
1
1
1
1
1
1
1
1
1
1
1
1
1
1
1
1
1
1
1
1
