0.000229899
0.000439806
0.000629723
0.000839631
0.00103954
0.00134941
0.00154932
0.00190916
0.00214905
0.0025089
0.00265883
0.00297869
0.0031786
0.00336852
0.00356843
0.00377834
0.0040882
0.00433809
0.00458798
0.00482788
0.00512774
0.00541762
0.00565751
0.00586742
0.00616729
0.00644716
0.00668706
0.00700692
0.00722682
0.00754668
0.00787653
0.00820639
0.00855624
0.0088661
0.0093259
0.00979569
0.0104854
0.0115949
0.013564
0.0160329
0.0194514
0.0246292
0.0302267
0.0371437
0.0449402
0.054596
0.0657111
0.0784455
0.093129
0.111161
0.132032
0.157111
0.189457
0.310853
0.369607
0.423804
0.475631
0.528288
0.579705
0.632422
0.683869
0.734627
0.783105
0.828276
0.870507
0.907671
0.938967
0.963316
0.980379
0.991344
0.996791
0.99909
0.9998
0.99995
0.99998
1
1
1
1
1
1
1
1
1
1
1
1
1
1
1
1
1
1
1
1
1
1
1
1
1
1
1
1
1
1
1
1
1
1
1
1
1
1
1
1
1
1
1
1
1
1
1
1
1
1
1
1
1
1
1
1
1
1
1
1
1
1
1
1
1
1
1
1
1
1
1
1
1
1
1
