9.9933e-05
0.000319786
0.000539638
0.000799464
0.0010493
0.00128914
0.00159893
0.00184876
0.00202864
0.00230845
0.00260825
0.00290805
0.00322784
0.00352764
0.00379746
0.00412723
0.00435708
0.00459692
0.00490671
0.00523649
0.00556627
0.00570618
0.00603596
0.00631577
0.00662556
0.00683542
0.00710524
0.00732509
0.00755494
0.00788472
0.00817452
0.00854428
0.00879411
0.00914387
0.00950363
0.00991336
0.010493
0.0114923
0.0129713
0.0152298
0.0182078
0.0222551
0.0273817
0.0329979
0.0402031
0.047718
0.0568419
0.0668052
0.0780777
0.0915886
0.107458
0.126335
0.14938
0.177221
0.28343
0.339992
0.388799
0.438176
0.488443
0.53797
0.586897
0.635844
0.68629
0.735897
0.782885
0.827426
0.869138
0.905933
0.936543
0.961216
0.978934
0.990117
0.996372
0.998911
0.99979
0.99992
1
1
1
1
1
1
1
1
1
1
1
1
1
1
1
1
1
1
1
1
1
1
1
1
1
1
1
1
1
1
1
1
1
1
1
1
1
1
1
1
1
1
1
1
1
1
1
1
1
1
1
1
1
1
1
1
1
1
1
1
1
1
1
1
1
1
1
1
1
1
1
1
1
1
