0.000189886
0.000289826
0.000429742
0.000609634
0.000779532
0.00101939
0.00128923
0.0014991
0.00168899
0.00193884
0.00221867
0.00245852
0.00271837
0.00301819
0.003338
0.00357785
0.00386768
0.00418749
0.00440736
0.00467719
0.004997
0.00526684
0.00547671
0.00574655
0.00604637
0.00635619
0.00663602
0.00692584
0.00715571
0.00746552
0.0078253
0.00805517
0.00840496
0.00875475
0.00909454
0.00944433
0.0100839
0.0111233
0.0126324
0.0144014
0.0169898
0.0204277
0.0243954
0.0295623
0.0352189
0.041615
0.0490206
0.0576954
0.0676694
0.0787927
0.0912952
0.105946
0.123636
0.144174
0.169428
0.262203
0.315591
0.362283
0.407176
0.452039
0.498791
0.546592
0.593944
0.642215
0.690066
0.735868
0.781531
0.824845
0.865621
0.900969
0.932491
0.957605
0.976184
0.988317
0.995333
0.998521
0.99962
0.99994
0.99998
0.99999
1
1
1
1
1
1
1
1
1
1
1
1
1
1
1
1
1
1
1
1
1
1
1
1
1
1
1
1
1
1
1
1
1
1
1
1
1
1
1
1
1
1
1
1
1
1
1
1
1
1
1
1
1
1
1
1
1
1
1
1
1
1
1
1
1
1
1
1
1
1
