100.088
249.182
28.4632
65.5615
184.978
83.6991
385.929
40.5241
637.38
173.219
456.015
146.848
62.8404
377.958
187.321
23.7226
96.4742
206.698
107.411
462.622
4.61901
29.3968
503.698
36.7531
19.3267
84.5428
89.6343
254.052
100.203
233.904
200.522
854.43
715.802
165.084
311.727
88.1986
32.3555
198.287
45.0973
109.222
118.186
381.155
44.8981
19.5738
58.0711
677.453
17.5159
24.2399
49.7573
466.775
523.394
168.806
34.9367
210.574
894.626
80.6626
111.203
202.478
48.3699
521.238
133.138
53.8004
123.734
299.685
90.6549
301.442
48.2187
20.0022
14.0013
241.462
34.9762
96.096
71.1257
52.3276
2.53566
6.39099
189.001
108.917
289.676
33.1799
50.8322
190.251
173.556
286.675
275.41
103.379
33.1863
80.8607
38.8796
325.895
272.352
48.2434
116.065
173.638
404.383
407.428
567.636
88.8836
75.8774
14.4271
36.9643
30.7821
572.341
238.968
94.1022
233.143
501.838
310.916
371.108
348.065
233.623
64.7486
431.871
0.630363
144.502
82.971
26.456
98.6256
93.8221
227.299
5.48579
210.778
278.871
269.505
195.163
35.8307
17.6186
68.852
67.9608
104.526
62.6085
37.3074
122.926
290.284
25.3576
150.992
324.534
267.224
86.5618
187.415
57.4929
100.297
186.496
52.4353
89.3182
129.199
162.809
151.771
70.574
25.7749
432.468
124.562
23.9341
199.942
34.5587
30.2042
278.952
50.0656
329.288
27.5414
61.2603
403.352
146.714
313.425
474.908
557.289
69.2074
40.4508
316.48
372.795
67.8403
157.114
36.6429
139.544
26.5755
13.2604
283.314
1.88464
378.448
27.5413
336.431
398.699
173.381
154.01
714.847
188.813
39.9887
27.1743
336.661
43.9125
194.475
88.5654
192.534
124.402
140.82
351.898
331.081
129.937
146.775
72.3224
97.6365
78.1613
559.88
115.277
64.3222
75.8006
42.9274
247.214
155.185
783.361
255.254
324.181
575.615
34.7304
536.882
599.869
19.0237
70.2374
33.2954
12.6045
36.6908
103.969
142.657
24.4456
6.01272
519.022
20.9766
19.3497
161.41
165.606
458.606
160.737
11.5041
133.662
218.49
575.729
484.933
257.193
20.5888
198.084
234.462
325.683
55.8755
583.122
50.8125
174.121
74.0404
113.043
22.871
101.862
130.718
63.7906
123.121
279.775
8.50907
13.8344
115.504
39.2992
269.867
224.219
303.092
109.225
92.0966
23.9057
459.967
13.4818
146.852
309.483
74.0507
27.9345
70.6607
92.5819
45.5049
129.615
175.1
343.657
13.2821
437.006
171.063
149.267
66.8622
248.461
277.948
122.376
27.9278
48.8644
72.6562
300.793
41.8297
175.311
202.011
165.423
10.7397
59.4693
143.081
83.0697
622.666
466.559
265.708
172.899
22.5988
87.4391
527.503
80.996
47.3774
177.31
50.282
26.2264
137.399
110.353
52.1441
53.0196
58.4747
275.065
245.552
260.332
608.951
98.6703
45.6331
94.9156
81.5707
14.6103
23.6749
210.433
174.147
66.2964
820.688
108.356
216.116
104.849
150.494
35.8478
2.20943
165.037
31.0898
14.4874
76.8936
511.481
46.632
186.747
75.2515
3.72741
106.454
270.531
106.57
17.453
297.615
117.492
73.1234
295.573
254.3
285.413
456.038
6.1129
75.4979
101.458
19.7039
55.8428
155.489
14.4626
100.339
89.2084
254.669
10.6412
