6.0144
6.62122
6.2032
5.27571
0.812643
5.23296
6.39841
5.81394
6.7127
5.3282
6.57033
6.30789
6.52172
7.68646
5.46876
7.51855
7.35257
7.11665
7.14565
7.24063
6.88142
6.65417
6.87153
4.92877
7.79627
7.60849
7.3209
5.01526
6.27703
6.32125
6.71125
7.09758
7.20173
4.55371
2.34598
6.18888
6.04497
6.75611
3.47854
5.62899
7.7664
5.01194
6.73487
5.79716
5.70035
7.28321
4.60116
3.0363
1.75147
4.23503
3.1394
7.8327
4.83162
7.59653
5.65297
5.33352
5.84208
6.43573
6.46727
6.44119
6.42989
7.25469
6.62237
6.61542
8.16171
6.68417
4.962
3.87926
4.42463
6.93372
6.7714
6.74709
7.48752
6.07087
7.0035
7.36933
7.47023
4.09624
6.46085
6.80277
6.09081
8.04298
5.73865
5.69664
5.3784
3.86322
5.72964
6.74582
7.00737
4.12787
7.49677
6.81162
7.08502
6.96276
6.67263
5.35087
2.46107
7.49143
5.59766
5.41588
6.01699
6.65681
5.88093
5.57461
8.03425
7.18944
5.12862
7.70739
4.16526
6.51763
5.49671
6.11044
7.13847
4.37021
5.69944
6.15089
6.55851
5.93872
4.86952
6.59365
7.87782
6.38927
6.97595
4.20193
7.36275
5.27831
5.46617
7.06492
6.90248
5.67183
8.08077
5.43373
6.14857
7.27696
7.31202
5.21984
6.31816
1.66722
7.77724
7.24885
6.82389
6.5868
6.12859
6.20277
6.39316
5.78714
7.179
6.31304
6.38248
6.90742
5.1514
5.8563
6.86243
6.81507
6.85003
7.65152
5.64314
7.87334
6.62159
6.87652
4.96532
5.29227
5.62573
6.69708
7.21071
7.38715
6.95209
6.93727
5.98738
6.77011
2.72289
6.8828
6.37235
5.70555
5.86266
5.10353
4.83291
7.2067
6.86804
5.51837
2.27932
6.26655
6.44996
6.00477
7.40215
5.78536
6.93319
6.02836
6.09422
6.64799
6.4064
5.75333
3.18167
6.55937
7.09819
6.24311
6.06024
7.16854
8.26158
6.57861
7.02292
6.53467
5.68744
7.25471
3.31929
8.00762
6.77253
4.78756
5.17601
5.38687
6.93034
5.76742
6.35633
6.73096
5.41247
7.68127
5.84938
7.7669
4.82086
6.47819
6.19566
6.17847
5.67263
6.24649
7.42083
6.59462
6.45517
2.93741
6.56278
7.19855
6.14278
6.7595
7.62255
7.01655
1.38386
6.40922
2.75542
5.06329
5.79657
7.6725
4.14843
6.44147
4.54738
6.34696
6.88946
5.80391
4.37502
6.4101
6.36395
7.49951
7.95042
7.37225
3.50541
2.06869
6.29804
5.53604
6.58252
2.79207
7.14944
6.77169
6.45427
6.29733
3.76637
7.3556
6.57961
6.98779
3.51934
4.65233
5.03107
6.78534
1.70476
5.55392
6.45033
5.04158
6.74952
6.84033
6.68944
6.51712
4.50333
5.97719
6.66563
7.64011
6.44803
7.38472
3.9393
7.45211
6.59253
7.363
5.44204
7.3989
6.31807
6.83694
6.28335
6.95065
6.63804
6.43548
5.86189
6.5772
6.05962
6.32689
6.38668
8.15667
6.26549
6.3853
2.9755
7.1414
7.73234
7.60655
6.46374
4.9232
8.26376
7.46445
5.26047
6.85548
7.36837
5.82692
1.66866
7.40521
4.90542
6.53767
7.29576
6.11886
6.62954
7.3175
6.3491
3.52162
0.238288
7.72852
7.41659
6.21167
5.17158
4.28736
5.02362
6.89585
6.51642
4.65735
7.9736
3.83014
7.45685
6.27514
7.45657
7.1208
7.13324
6.83168
7.26623
5.63437
6.30229
5.55963
7.90588
6.35972
6.55568
7.62451
7.71529
3.67904
6.53121
6.07826
6.65299
3.95475
8.20531
5.65532
7.15405
7.04425
5.33879
4.79944
7.40275
6.58896
6.25934
6.52339
6.82647
5.91561
6.59464
7.33806
7.38961
2.59818
7.11923
6.09305
5.63087
5.76414
7.5326
7.06933
6.93223
7.1671
6.04926
7.72625
7.32268
7.08648
5.21714
6.29575
5.41473
8.15317
5.8708
6.64965
3.25921
5.04605
6.10048
3.82317
7.93302
7.5524
6.34083
5.844
7.63744
6.15059
5.68655
6.53663
7.42449
6.334
6.74694
5.03211
6.05836
7.2406
6.31247
2.47111
6.09988
6.00363
6.56911
3.65317
4.59206
5.69242
6.58888
3.98763
5.9513
5.73084
6.7842
6.72639
6.49164
5.0311
1.96787
7.6742
5.73819
7.93186
5.47841
6.20413
7.39703
7.3972
5.81284
5.30196
7.8563
7.03534
5.85938
4.20183
5.40387
6.96674
3.4114
6.84288
4.43056
6.72198
5.47492
4.78007
6.68458
7.64
6.16849
6.78423
6.63826
6.83345
4.26605
5.19318
6.76344
7.67384
6.09829
4.14452
6.44995
5.431
6.97025
7.4945
6.15985
7.24398
7.32734
5.98294
7.04636
3.96358
7.73456
6.09175
6.95252
7.10988
7.80392
8.12014
6.83512
8.07663
6.45268
6.57374
5.51827
6.5723
6.23758
6.22026
7.48421
5.68127
5.74174
5.54514
6.6667
7.63109
6.75584
4.54182
6.29767
5.91038
5.45146
6.3979
5.75583
6.77908
7.47856
1.1895
5.09466
6.87491
5.37924
5.86705
7.06417
5.90357
5.63562
6.87227
7.48187
6.80606
6.92305
6.9217
5.89921
7.56101
7.40652
6.50703
4.33544
2.45743
7.30406
6.32786
5.55492
7.43614
6.87609
3.10162
5.40328
3.3432
6.59905
6.5231
4.76417
5.77595
6.90464
5.20834
5.97281
4.80862
6.74698
7.39014
7.80779
6.28095
6.60484
4.96499
4.71283
6.41032
7.01151
6.77067
4.88736
5.51423
6.59413
6.36976
6.20026
5.09739
6.82115
5.02517
5.54678
6.34184
6.12256
7.18205
5.83896
5.48609
7.25396
7.03076
6.81013
3.9722
5.09647
7.84369
7.48503
5.87241
6.28358
5.95006
7.30647
5.56274
5.61789
6.21664
6.34902
5.83509
3.24123
6.68398
6.01229
6.74262
6.55514
6.55943
6.25955
5.59535
6.46097
7.54475
6.01339
6.92054
7.15933
7.0578
6.701
5.98528
6.43245
6.8078
5.815
5.23747
5.551
6.90071
6.32648
5.57206
6.5473
5.03875
2.83627
5.66352
6.61953
7.19586
3.8161
6.93362
5.90585
4.75794
7.42892
7.66339
5.84482
6.71048
7.23532
6.74056
1.95605
6.23286
5.00757
5.29148
6.80866
7.12387
6.92309
6.21373
7.08038
7.85232
7.11238
6.32886
5.9096
6.72146
4.68905
6.7044
6.79934
5.13539
5.75617
5.95919
4.77424
6.2678
5.995
6.37027
7.60619
7.40605
6.63893
6.48239
6.5867
6.8828
4.44398
5.33663
6.1235
1.80638
7.34882
2.83198
5.81813
5.9229
6.22609
6.79558
6.39773
6.18721
6.58914
6.66501
3.87211
6.77874
4.9923
7.70313
6.40681
7.45184
6.89094
6.13945
6.47549
6.41571
8.11957
5.93568
4.495
0.84146
6.40055
5.9161
4.49064
6.5392
7.40179
6.61773
7.47609
6.65708
7.38543
5.90425
7.02574
7.6307
6.10353
2.61295
7.29864
6.51369
4.71433
7.25701
7.92117
5.31068
7.00515
6.68268
7.39759
7.13687
1.88318
6.14752
7.09791
6.56836
6.62072
6.08956
6.49615
7.51942
7.79527
6.64253
5.96632
8.04692
7.92222
4.90493
6.21646
4.86933
6.67116
8.03812
7.16876
6.40438
5.66417
4.53956
4.87812
7.44597
6.93873
6.75424
7.21001
7.52961
7.3638
6.39179
7.5762
7.36006
6.63563
6.98634
7.41549
7.95586
6.92168
8.02135
6.72011
7.22627
3.90513
7.31991
6.16421
5.18111
6.34879
6.76873
6.32658
5.76985
7.28597
4.58482
6.8558
3.69989
4.41314
1.26913
5.65395
7.67142
7.87918
7.64005
6.053
7.24262
5.93193
7.19504
6.38272
6.83209
5.96509
7.38512
6.93241
6.97186
1.85458
6.67099
6.88928
3.88528
5.75533
6.5777
6.41666
6.72138
6.77334
5.70704
5.87281
5.66974
6.54015
6.87223
5.81476
6.45035
5.83666
7.6223
7.6458
6.22083
5.24627
7.01028
6.25752
5.97968
6.47306
8.31069
5.86003
6.02243
6.19055
3.19327
7.16904
6.49477
6.22555
4.31343
6.59519
7.04835
3.08116
7.27051
6.69054
4.34606
5.34217
7.05197
6.40527
4.40955
4.41028
5.29721
6.06649
5.26906
5.70518
6.35205
6.87402
5.0333
6.09856
7.63641
6.67859
7.33099
6.69729
5.48031
5.16397
6.44745
7.05493
7.17895
5.53094
5.39557
5.11953
6.49514
7.41388
6.52036
4.93346
6.6729
6.87726
5.65985
3.99525
7.11414
6.49824
6.92177
5.6155
7.59001
6.11944
6.8673
6.62234
6.45568
5.7551
7.34865
5.04369
8.12413
7.82437
8.05254
6.44886
5.06309
4.23758
4.19112
6.9683
6.90637
8.17907
5.94306
6.74742
7.11197
5.0937
7.98534
6.55743
6.93478
6.88753
5.97955
7.07433
3.09856
7.55868
7.90832
5.92222
3.45464
6.89394
6.1841
6.4306
6.32146
6.01904
4.41463
6.59424
5.43535
7.05892
7.61668
7.38268
4.61491
6.44737
6.9075
5.92978
6.32352
7.20287
7.97935
7.68063
7.0004
3.49371
6.96491
6.78301
6.45142
6.5485
4.80575
5.65232
2.40638
7.12362
3.36942
6.53594
8.21337
7.57428
7.31967
7.01588
6.3746
6.09363
6.06875
6.86635
7.05592
6.60885
6.12665
6.35836
6.17859
4.50791
6.75025
7.125
7.33155
6.299
5.99834
6.06282
6.64352
5.31453
6.23972
6.91174
7.68777
4.45667
4.93823
7.43524
7.27752
6.69714
4.72816
5.53897
5.45344
7.1395
6.2102
7.68996
5.08114
5.82774
6.47708
7.68853
7.02678
5.20254
6.0824
6.62745
6.70523
6.03688
6.25998
7.27553
5.99783
7.63102
5.68013
1.91244
7.59395
6.64794
5.41214
6.59464
7.46186
4.83172
7.16755
5.91972
7.66078
6.49584
7.0191
3.54145
4.65142
5.27708
7.25884
7.24039
7.52
4.98437
4.37198
6.35319
5.78347
6.31554
6.86002
7.0865
6.70515
5.9878
5.29065
4.20459
6.25794
3.88547
3.77112
5.01854
4.69524
6.23595
4.01827
4.44513
6.81215
6.08781
6.06268
7.42693
4.91094
5.82081
7.48453
5.2188
5.30839
5.18381
6.91341
4.62683
7.61263
7.42366
6.36703
6.29713
7.27302
5.81331
7.05673
7.20744
6.40996
5.99886
6.57522
5.49952
5.96357
7.08339
6.46678
6.92469
7.61583
7.01431
7.42893
6.23529
6.33694
8.06911
4.87331
5.03204
5.10389
6.14718
8.08897
7.59496
4.2157
7.47821
6.8199
7.75007
7.53696
5.68346
6.91812
5.9749
7.8226
7.12854
7.3655
5.38656
7.61377
5.81529
7.43981
6.97961
5.09549
6.2075
5.23461
3.24785
5.09832
7.19678
8.37194
7.38093
7.5851
2.54874
6.63133
6.20743
3.22749
5.37736
5.62781
6.57521
7.87458
6.67784
5.94726
7.04454
4.14377
5.87568
5.91254
5.99185
5.96897
6.81765
7.00678
6.3524
6.13134
6.78947
6.73691
5.03274
6.96815
6.95407
7.53462
7.93148
5.8731
6.8078
6.98338
7.20811
7.56554
5.77933
3.85177
7.00873
7.77266
6.69694
4.348
7.26112
1.98427
5.32873
8.01724
4.71644
5.6975
6.77987
6.51349
5.70432
5.39575
5.18466
6.87886
5.4104
3.48911
6.64886
6.32817
7.31712
5.94473
3.17192
8.29137
5.68822
5.27372
1.08142
6.47573
7.48028
6.75519
6.90996
7.18158
6.56757
6.77346
6.10749
5.63908
4.78099
4.69187
5.16989
7.65452
5.52602
0.946615
6.18295
7.79358
6.11611
6.70775
5.82793
6.65367
6.67144
7.04715
7.40548
6.21635
7.24665
5.90939
7.10884
6.99219
3.72294
6.92783
6.85734
8.10554
6.13121
4.77684
7.87127
6.6907
6.76716
2.79093
4.60483
5.83555
5.19095
5.5102
7.29269
6.8766
5.79396
6.44587
6.32912
4.45803
7.34014
7.68425
3.52559
5.44656
6.48479
7.3366
5.92504
5.92379
7.8599
5.86672
7.13789
3.03964
7.02605
7.05243
6.23851
6.1969
5.34153
6.44746
7.11134
6.85257
6.46593
6.72448
3.26978
5.26831
3.61864
7.02559
3.68922
5.58963
6.65831
6.64681
6.15447
7.13615
6.008
4.18346
6.04726
6.30553
6.48268
6.52641
1.77499
2.35948
6.67905
7.64922
6.75354
5.85945
6.6149
3.01927
7.22741
6.97818
5.91383
2.30821
6.96108
6.86164
5.29835
7.69614
2.28821
5.9062
5.47811
5.92465
3.78994
2.69393
5.25355
6.23963
4.14253
6.52399
6.44241
5.56561
7.4281
6.75439
7.1249
6.71279
5.72956
2.11992
7.7229
6.65226
4.08795
6.78373
7.36015
3.72462
6.44267
6.2096
7.49413
7.49519
7.38809
5.88106
5.9063
6.89069
5.60794
5.47454
3.97416
6.19184
5.71073
7.55501
6.08605
6.51083
7.31283
4.88488
7.05485
5.03104
7.24098
6.22018
5.85892
6.78398
4.38936
6.11346
3.58116
7.68654
4.34921
7.25653
7.35669
6.85522
5.82265
6.23841
6.21217
6.69638
3.29883
5.95058
7.49437
6.37714
7.40455
6.80904
7.38978
7.68927
6.11282
6.96448
6.21226
2.98522
6.08717
6.3134
7.37409
6.25744
4.6332
7.92638
6.86395
6.08379
8.04785
5.25197
6.87899
6.01815
6.48831
4.8602
6.14686
5.74106
7.01494
5.23358
6.65879
4.37451
5.2295
6.75637
7.00145
7.14503
4.98995
6.70111
5.4993
7.17964
6.66263
6.87097
7.07679
5.63253
7.33148
3.79437
6.44296
5.96679
3.44654
6.83614
6.06446
5.69464
7.06711
1.42672
7.37993
5.88801
7.03048
7.16817
4.29556
4.1695
7.04592
6.71148
8.19604
7.09517
5.66745
4.77417
5.67358
5.44784
7.4885
6.91094
7.35456
4.62171
1.22506
7.61001
7.08907
5.05204
6.4133
5.80484
6.61347
6.29464
5.69117
7.18408
5.81852
6.07842
6.67156
6.66807
5.34189
6.54649
6.02044
6.92102
7.32073
6.72588
6.12398
6.42735
5.25135
5.63091
6.11215
6.79388
5.87069
6.95401
6.92616
5.42302
5.40005
7.79843
6.66869
7.76642
6.68208
7.37024
6.76668
6.16088
6.04227
7.26279
7.53106
7.00199
7.351
6.0959
5.30348
6.10388
3.43432
7.37058
6.0129
7.18001
5.06826
0.366596
8.06892
6.1146
6.13264
4.93085
7.15432
6.97897
3.63084
6.9083
5.91349
6.80006
5.71526
6.36034
7.68931
4.93584
6.00108
7.75099
6.78709
3.25029
2.18368
4.6131
5.67599
4.2417
7.28213
5.55035
7.43375
8.01035
7.47822
7.45424
7.00907
6.77462
5.37852
7.54139
4.26733
5.874
7.92176
5.00445
7.38583
5.1233
3.94568
6.5466
7.29544
5.23202
6.58745
7.00427
5.82531
6.99231
6.89481
7.07708
6.05911
7.42398
5.12415
5.77285
4.45266
6.57376
5.38609
5.84562
7.06897
6.87617
6.86255
6.88384
6.40958
6.92146
6.63265
6.15932
4.74059
7.90361
5.76123
7.07826
7.53878
5.49911
7.34473
7.23047
7.39831
5.28826
6.937
3.19686
6.36627
2.5878
6.54913
6.37952
6.06164
4.90715
7.06546
6.0894
6.79012
6.71152
5.8218
7.94327
7.04807
6.49832
6.52817
6.90489
4.64368
4.63126
3.40209
7.44006
6.59282
6.5039
3.91437
7.5498
4.01863
6.92746
7.20456
4.24297
6.67924
7.14564
7.83064
7.566
5.61388
5.99866
5.29552
5.93148
6.86365
5.7994
5.9031
6.9045
7.52401
6.0011
6.07799
7.59005
7.24203
3.84989
3.98285
6.85997
5.81432
6.86608
7.31664
5.37974
6.65506
6.0028
7.07048
7.26876
5.86157
6.89532
6.79543
6.14292
7.72675
6.00655
5.15263
4.09379
5.99711
7.43816
5.9307
7.7291
6.70154
7.33781
5.68139
3.45702
5.84061
6.16947
7.82942
6.46919
5.00695
6.1104
5.40982
5.10622
6.84801
3.08253
6.71423
6.20289
7.50675
5.1576
5.31062
6.97895
6.51641
4.00508
5.91047
6.78044
5.88671
5.20374
6.37934
7.04284
7.59312
7.91226
7.11319
5.8608
6.23416
6.95854
6.63361
7.29171
7.63997
6.67901
6.18941
7.75896
5.72985
6.51548
6.73761
6.25876
6.68086
5.36349
4.04997
7.10408
4.76601
5.77439
6.87969
6.99731
7.41215
5.27434
7.66662
6.10083
6.84948
6.82115
6.10078
7.6429
4.57782
5.56887
4.40805
6.96232
4.56641
7.88145
3.62058
6.49691
5.0027
7.05401
7.44335
4.80437
4.37125
3.94724
5.71022
4.06885
5.24946
1.24926
6.09684
7.03622
7.42004
8.4581
6.6995
7.74775
1.6667
6.71489
6.51586
6.94799
6.4363
6.78067
6.16285
7.23723
7.12669
6.95678
3.19313
4.35023
6.11947
7.13242
6.68546
2.25771
7.07671
6.76551
5.66279
5.30188
5.82076
6.95429
6.87656
6.23945
5.99032
5.02602
6.62152
5.94783
5.16041
6.84636
6.27199
6.90603
3.66321
6.95116
8.04862
3.81252
7.16731
4.32195
6.94529
6.2541
2.04232
6.5009
6.21379
4.76968
7.81632
7.98405
3.06467
6.84972
5.90114
6.88637
6.56378
5.80715
6.8752
5.28073
4.99674
5.0823
5.76277
7.33822
6.57323
6.00583
7.36394
1.93522
6.06642
7.10092
6.31851
3.64703
7.22238
6.93707
3.14774
5.73738
3.54904
7.1587
4.05311
4.68415
6.52973
5.27546
6.04776
6.45681
6.9544
6.04964
6.66952
7.2587
6.89595
5.64238
6.28952
7.23397
6.51432
6.69582
7.91267
6.00868
5.27304
6.22296
3.09555
6.80404
7.38143
5.90396
5.58828
7.77946
6.99129
6.00792
5.53869
6.80162
4.64898
6.66786
6.72854
5.89209
3.34182
6.28417
7.64603
7.3929
7.04951
5.98369
6.29292
7.86691
5.39783
4.2143
7.83627
7.60775
4.98892
5.25464
7.38988
8.20256
7.43676
6.6739
6.98092
7.01679
6.26348
6.30173
7.36885
6.64521
5.51168
7.60745
4.10076
6.21228
6.34121
6.24768
5.62507
6.61645
7.28913
7.22654
6.71127
7.08618
7.50221
2.60305
4.2132
6.36906
1.09554
7.35604
3.59409
6.68805
7.22772
6.44549
7.24887
6.24454
6.82641
5.74721
4.77462
6.68482
7.11744
7.80676
4.7919
6.43038
5.07858
5.69027
7.239
5.6423
7.23013
5.47834
6.88017
2.59529
6.02118
6.59857
6.19305
7.31788
7.49814
6.54968
7.02217
3.91443
7.06297
7.90214
7.58976
6.67335
6.24098
0.715631
6.68107
6.60069
7.83552
5.39079
7.84796
6.93536
7.17825
6.62307
7.30142
6.06307
7.65022
5.10271
7.99089
2.03723
5.88208
8.23768
1.92333
4.01017
7.9465
7.78577
7.08349
6.13866
6.77559
7.28196
7.26835
6.2209
7.81651
0.955793
7.39709
7.72102
6.04984
5.30607
6.34217
4.52847
5.65348
6.93566
6.03158
6.50071
3.09224
6.7153
7.92394
5.89941
4.56842
6.94389
6.95745
6.33444
6.21229
6.77243
4.47576
6.88815
7.63969
6.54631
8.10265
4.26536
4.80854
6.69151
7.99243
4.93817
7.81807
6.05047
5.83936
6.47305
6.52559
6.0376
6.3629
5.94058
7.88055
7.17463
3.93977
6.50147
5.18785
7.77384
6.96668
7.63949
5.31767
2.81681
4.61487
7.23146
7.47793
5.68967
7.34621
6.96482
6.52459
4.10987
7.18807
6.75684
7.6546
6.17627
4.9738
2.83983
2.78268
6.66242
7.1497
3.33148
7.88597
6.34258
6.38255
6.34299
5.56196
5.8022
6.15422
7.4987
6.19535
8.31149
5.59483
3.63789
4.4534
7.10281
4.94778
4.41781
6.71054
4.63704
7.62401
6.84404
5.98005
5.39087
6.41565
3.73834
8.01517
6.73341
6.33122
7.67207
6.40539
6.73229
5.02567
4.98528
6.2868
5.42005
5.20797
5.21337
6.82574
8.02193
4.94288
5.88614
6.09515
6.14537
7.01699
6.34816
5.50321
5.5291
5.53122
7.11164
7.6209
6.03031
5.02589
6.36338
4.03775
6.70124
6.75882
6.03392
7.55721
4.93795
2.15686
6.7886
6.74242
3.33992
5.8647
7.20872
2.428
8.08326
6.64919
5.67544
5.82908
6.74232
4.40335
6.62147
7.86193
6.81883
5.43681
7.48602
5.12253
6.6073
4.16957
3.22377
6.85591
8.07228
4.94354
5.87742
6.144
6.80533
5.71397
6.19277
7.3597
4.75842
6.47972
6.26
7.19781
7.77365
4.40281
6.8927
6.62978
7.95178
7.11212
6.84681
5.08158
6.36666
5.32723
6.19007
7.06467
6.50088
6.28088
6.93294
5.84101
6.43299
5.03311
3.60605
7.16674
6.65292
6.92098
5.99014
7.21309
7.20825
2.99587
1.60415
5.92804
3.83101
7.11404
7.18075
1.30354
5.04987
7.1743
6.10545
6.54696
7.03182
7.24504
6.30625
6.39059
5.21621
6.38101
7.00018
6.61032
0.710939
6.12397
7.20579
6.35966
6.6465
5.87007
6.42203
5.42004
7.18984
5.90897
4.69692
5.03192
5.05772
8.31833
6.65471
6.86934
6.5159
6.79641
7.87681
5.01514
2.47779
7.34083
6.60499
4.38188
5.1034
7.36544
5.58386
6.11592
6.37225
7.74444
3.93746
6.08658
6.79997
6.12266
6.0249
7.6829
6.78678
3.60314
5.98448
6.94051
6.09582
6.5083
4.68242
7.02737
6.65219
6.11469
6.72737
6.40624
7.37176
7.5376
7.02448
6.11821
7.34
6.6704
6.47927
7.30661
6.80378
6.87101
7.62403
7.02898
6.48035
6.31182
6.44893
7.46751
3.21737
5.75318
6.81026
6.56612
5.60808
7.56701
5.86683
6.0692
6.83262
7.44745
7.53095
6.74984
7.1789
6.66645
6.26537
7.07245
6.58134
5.40146
7.28642
2.99915
7.04239
6.91722
5.18058
6.1777
4.96449
6.24201
7.04785
4.70028
7.1551
5.87984
5.15237
5.4793
4.31213
4.21856
6.0124
5.28195
4.34467
8.03946
7.0125
3.41049
3.64378
5.69229
4.84081
2.52475
7.67242
7.10808
5.71246
4.03376
8.20423
6.63579
2.24114
6.48272
6.05073
7.45455
6.33792
7.10793
8.00183
6.43534
6.37566
6.94187
7.57967
7.56865
7.53415
7.54611
5.94844
6.14283
6.13943
7.18255
3.45683
7.0881
6.2927
7.10983
6.36662
6.48099
6.13687
5.44181
6.81957
6.12297
6.32534
4.11368
4.24762
4.0961
3.78252
4.16033
6.31386
7.96731
7.93026
4.27817
6.78837
6.88261
6.64074
5.04904
5.7038
6.45115
5.97234
6.76123
7.86795
5.76194
5.53796
4.57045
5.61155
5.22279
4.89539
7.56834
6.90273
7.49805
6.5807
5.82585
2.84146
6.82366
6.45433
7.251
6.60219
6.34584
6.71274
6.29865
6.79054
6.6642
7.34862
6.30771
6.48376
5.64463
3.80447
7.03086
5.88745
6.87383
7.22256
5.47245
5.38762
5.50715
7.09165
6.71351
7.1071
8.21842
5.28357
5.54361
6.9716
7.00946
5.64739
3.73102
5.07731
5.41016
6.78453
7.05959
5.0404
7.38996
6.86854
7.02765
5.45672
7.84254
6.52187
5.97199
4.20112
6.04183
3.67361
6.95606
7.52033
6.5669
7.64651
6.7286
7.32397
5.97219
6.97928
7.84489
0.738632
7.21371
6.07447
6.94248
6.65393
6.0949
6.87504
7.21848
5.78532
7.25909
6.63028
5.39789
6.75333
1.77979
6.99558
4.28035
4.35769
3.49246
7.10849
7.86544
5.45175
5.32934
7.49899
6.87738
7.75378
4.57591
5.76108
5.4941
7.12379
7.88441
7.09795
6.10604
4.49137
5.73329
5.52593
7.12237
6.07018
8.09439
4.34956
0.21494
6.67778
5.0513
6.01339
5.82134
5.2657
5.77615
6.10494
5.87393
5.86654
4.6631
6.28898
6.12596
5.4827
6.46509
3.43501
6.98985
7.25269
6.80118
7.35054
5.3004
6.38323
6.48854
6.71082
6.069
4.93373
7.3041
5.86178
6.46146
7.53934
3.62928
3.75734
5.52736
6.33707
4.9587
7.58825
6.62773
7.20939
5.47619
7.71373
5.1291
5.27624
7.14835
7.16558
5.24806
5.29474
5.49046
5.01312
4.01677
6.55928
6.95861
3.00135
4.97979
6.2307
7.29419
1.78449
6.71088
6.85704
2.79123
6.14446
4.86966
6.29034
3.76541
7.36053
6.19035
7.73626
5.83303
4.32854
6.75507
6.24848
6.78422
6.70313
6.84842
7.14188
6.76962
6.90144
5.0648
7.04791
7.61982
4.79076
7.30396
6.45705
7.74372
7.22264
5.49112
5.70187
4.83148
5.64935
6.57864
0.279467
4.62526
5.66113
8.31742
6.85335
6.29037
6.39281
7.00898
6.69143
5.0171
6.39172
6.84161
6.88907
7.84554
8.07207
4.47003
4.7335
5.25316
6.18807
7.14386
5.43019
5.07822
6.79678
5.14957
6.71894
3.3466
7.4522
7.57366
7.60362
6.85293
5.1983
8.04266
6.78324
6.55487
7.08905
5.96964
6.94541
6.78614
6.89919
7.45082
5.81531
7.64585
3.42312
7.03031
5.10899
4.8343
6.83492
6.17699
8.10601
4.21004
6.23146
7.86676
6.19366
6.6755
4.51356
6.04117
6.28813
5.77798
5.99709
6.49072
5.13612
6.57852
5.97909
6.16666
7.59542
6.66589
3.62616
7.54721
6.46125
6.34567
6.40162
6.968
6.67414
6.55371
7.55445
6.18838
6.74598
6.25062
5.9885
7.12948
6.10079
6.88862
7.02966
5.19613
5.91178
7.9667
5.42881
3.35528
7.40495
5.81345
6.95564
6.56236
5.99493
6.35053
5.68245
5.95892
6.65098
6.68652
5.42162
5.72543
4.86679
6.48646
4.57404
6.36329
5.90587
7.75711
7.49651
6.47722
7.12569
7.12365
6.97153
7.07525
7.30927
6.5313
6.53511
6.69487
6.79493
7.34584
5.65538
6.77875
5.884
6.9039
7.4598
7.13925
4.184
7.55395
6.90628
7.13604
4.4535
7.49933
7.10011
5.65158
6.32199
6.86672
5.11601
7.20601
6.1961
2.62188
4.05062
7.47158
6.41487
6.04572
6.28833
6.73699
6.20706
6.86508
6.4948
7.222
6.66947
6.76382
7.2122
7.26944
4.13557
6.67338
5.69794
6.82532
7.70923
4.28836
5.89034
7.04875
6.02856
7.82187
7.27873
7.63273
4.57199
6.64589
6.45789
6.63463
3.7692
6.85459
4.05862
3.13902
4.41109
7.25356
6.86189
6.53964
7.95665
6.69704
5.30482
7.74837
4.49333
1.70371
6.49052
6.13498
5.95101
4.56889
2.25065
6.8846
1.68314
5.61585
5.49079
5.76075
5.59809
5.99443
6.949
7.71555
6.66028
6.40926
7.97951
6.56678
6.27526
4.86387
5.91605
6.88807
6.11269
6.91664
6.90741
8.00876
5.55391
6.60549
7.74024
7.36339
5.26012
7.01502
6.53237
6.55251
5.98219
3.7971
6.5083
6.29894
5.51618
6.7223
5.64066
7.46386
1.89524
7.48375
5.53
6.92809
6.98791
5.30123
4.99816
5.51263
2.90677
6.15363
4.67175
6.70019
6.8197
5.71972
6.1468
4.47449
6.68247
6.431
5.45911
6.46266
6.84989
7.02704
6.87238
7.19847
3.9438
7.56585
7.10377
6.9207
6.3575
1.56446
1.43237
6.28329
7.56674
3.69696
6.85429
6.52258
7.69649
7.3948
7.05802
7.30413
6.23557
6.45758
6.17925
4.37823
7.18038
6.59506
2.03177
0.449376
6.97253
6.72195
5.38213
6.41394
6.37024
6.79462
6.41991
8.18949
4.41924
6.81041
6.27204
5.22372
6.25792
1.39365
6.27916
0.606657
7.02251
7.70432
4.55702
7.28951
5.19832
6.29181
6.17246
5.12775
6.20238
7.69562
5.8778
6.73953
6.06308
8.0162
6.74533
5.60371
6.87588
6.8647
6.39635
6.8117
4.19999
5.90151
6.96432
5.59467
5.06646
5.98814
6.43237
5.07759
6.54972
6.1634
7.86585
5.01599
6.64328
6.6319
4.8455
5.89576
5.70112
6.69405
6.29886
7.51527
3.22834
3.8272
6.10723
6.59317
5.57636
8.09448
5.94021
7.05522
3.34776
7.13694
7.19639
6.6589
7.61261
5.65408
5.40784
5.98947
4.56227
7.63115
7.26139
6.40105
6.00142
5.09271
6.13553
4.80446
4.25553
5.40865
5.74732
6.78025
6.82601
6.88507
4.68924
4.51589
5.77744
5.65503
7.48006
2.36296
6.95646
5.80957
6.57802
6.89174
5.95224
6.65385
6.39544
6.61425
6.60749
6.78307
7.02218
5.22278
7.99027
6.7741
3.96361
6.72324
7.50393
5.12813
7.08273
5.03251
5.86551
7.45924
4.03568
6.86682
4.90531
6.27204
6.52152
7.04332
5.16478
6.96533
7.71813
7.14251
3.30527
6.45646
6.44429
5.77867
5.64289
5.86004
7.03659
4.56603
5.03964
6.06292
7.22061
6.94752
6.36038
7.38267
7.4524
6.82512
4.59559
5.34057
5.73837
6.28363
7.76649
4.28654
5.02397
5.95045
5.27398
6.79657
5.88449
5.70436
5.78065
7.38531
8.10431
6.74873
8.13546
4.61816
7.53762
3.74462
5.08449
4.85352
5.79238
6.09054
5.85917
7.86996
6.08969
5.03556
5.54629
5.20176
7.85104
6.8561
6.66422
5.57129
6.69706
1.05247
3.39117
7.45178
4.25035
7.32032
7.00436
7.15827
3.60799
7.38152
4.10576
5.96013
1.07338
6.28057
6.4717
6.71729
5.45014
7.00452
5.18859
7.80049
6.56093
4.99428
7.33332
5.77845
7.0533
7.76617
6.55091
3.16954
6.85191
5.87866
0.477769
6.66831
5.74237
5.40023
6.11684
6.76748
7.12109
7.04485
7.50388
6.26836
5.10659
6.3997
7.27544
5.88681
6.09488
4.28507
7.93326
7.14313
5.85125
5.93521
7.18107
4.3677
7.2627
6.82333
3.51129
3.44192
5.78333
7.7442
6.93121
6.37416
5.87336
6.59607
6.68368
3.93652
5.34887
7.41488
5.44829
5.61395
5.32901
5.74038
6.57017
5.95895
6.55416
6.14342
5.67366
6.58088
5.29817
7.64155
7.57656
6.49488
3.60939
1.29452
5.56404
7.28636
5.41843
5.06067
6.4896
6.00182
7.49584
6.47597
6.62045
5.89312
6.77084
3.66719
6.00715
6.58387
5.63759
6.32422
6.95139
7.05728
6.01034
6.2609
7.37196
5.68707
4.76149
7.14682
4.26028
7.06382
7.8951
5.58054
7.37471
4.98189
5.1847
7.48622
7.44517
5.38902
6.40362
8.07184
6.4477
6.51816
6.79926
5.76746
7.1967
4.91005
5.87083
7.64765
7.32249
4.45867
5.88696
6.67758
5.61793
6.65824
6.90026
6.17001
6.38961
6.56739
6.04434
3.91661
7.10053
6.16798
6.24609
7.90833
7.1898
8.06671
5.4858
7.43736
7.15601
4.6422
5.77649
6.70458
6.66416
6.94528
7.39296
6.09552
6.65806
6.46984
5.69896
1.73121
5.6904
5.97477
6.20958
7.06422
6.8739
7.77458
6.26028
8.22542
5.81569
6.90626
6.36955
6.0526
5.89937
7.79262
5.96816
7.92419
6.42541
6.06743
5.96758
6.63859
6.42967
5.4165
7.14431
4.93374
6.79776
6.72755
7.21543
6.05307
5.76983
5.81887
2.68733
4.66869
6.91932
2.0714
5.52216
7.29239
6.38206
7.56284
1.36254
7.06587
6.74154
5.92944
6.88964
6.92756
7.19397
1.19456
7.58767
6.33594
5.23082
6.69048
7.58757
6.00249
5.48162
4.94076
7.4611
6.55203
6.42049
6.13672
7.18491
6.80615
6.69855
5.33813
6.97071
6.66249
3.8567
4.96714
7.18434
7.36964
6.13469
7.11144
7.1179
7.86696
3.3887
6.89005
5.75649
4.76691
6.73809
5.7541
6.32368
5.56506
7.32711
6.3342
7.77962
7.63212
6.04931
3.40155
6.53647
6.23166
5.62773
7.07404
4.2839
7.15877
1.55964
6.37278
5.65945
6.55897
6.78095
5.30896
5.38411
6.81631
6.76879
5.17414
5.26709
3.18745
6.2394
6.43694
5.94413
6.59003
5.12399
4.30067
6.14964
7.16648
5.52273
6.68858
7.77796
7.48383
6.99909
7.3176
5.52918
6.68397
6.37236
4.36439
7.41266
6.79623
7.11593
6.74054
5.91003
6.64621
6.78763
7.34867
7.91571
2.58518
7.64497
7.19882
6.43682
6.79048
5.37349
6.76735
6.24637
6.87933
2.33758
5.00877
5.59659
5.58502
7.51556
7.30066
6.79683
6.99545
6.24294
7.34245
6.69731
5.89191
3.70877
6.5776
7.28852
5.80715
4.11152
6.08083
6.74615
5.59291
0.808473
0.32681
7.1993
6.27587
6.95809
5.14649
7.1121
5.94757
6.25854
7.85795
7.14406
7.36953
6.39044
5.7395
6.77261
5.80478
4.15562
5.78465
7.05626
6.4073
6.9105
6.29478
4.80038
5.32977
6.84177
6.32428
5.04809
7.53793
7.4249
6.94258
8.3578
6.88383
0.837197
5.78841
7.49422
7.00962
4.59686
4.69412
6.92569
6.80835
6.39125
5.73531
7.19472
4.70022
7.37514
5.93606
7.64526
6.56858
6.1726
6.85142
7.72624
5.37499
6.91022
3.99581
4.13662
7.26704
5.43061
6.8891
6.85663
6.26177
6.48703
4.1401
6.83093
2.71917
5.86428
4.62191
4.93832
6.03409
6.41658
7.61562
7.12874
6.95642
6.99372
7.65175
5.31593
6.20825
7.66492
5.91856
5.76491
6.82512
7.12999
5.83559
5.95597
6.87093
6.75991
4.82057
6.36372
4.72064
7.27927
7.04594
6.59363
6.99705
7.24523
4.19806
7.29362
6.7046
3.85036
3.69154
7.46936
6.2675
6.61373
5.92409
4.00119
6.93172
7.27366
5.64465
7.2043
5.66906
6.0913
5.97213
7.71804
6.35214
7.06424
6.90646
6.84165
6.69708
4.7283
6.22951
7.53953
6.25065
6.61177
5.27498
6.73271
6.75451
6.194
7.13887
7.00326
2.94064
6.4162
4.94934
5.47442
6.95724
4.84545
6.24766
5.7429
6.18096
6.38136
7.42408
7.32777
4.32704
6.06663
2.98502
6.98318
6.63239
6.64793
6.69449
5.26419
5.48913
6.16222
7.56129
5.05252
6.39615
7.88476
6.16045
6.12506
3.51352
6.61059
6.28125
6.75228
5.19614
6.20403
6.15989
5.52391
7.91143
7.59633
7.469
7.65553
5.43706
6.06696
7.32915
6.97226
5.52916
5.96894
7.27206
2.15817
4.37863
5.01049
6.99885
6.76345
6.45445
2.61485
4.55185
6.88012
6.34415
5.29332
7.33607
6.12799
5.68242
7.70366
0.561528
8.43346
5.66865
6.32266
5.69096
5.64245
6.24584
7.26483
6.90507
4.83288
5.55843
7.36876
7.16809
7.16363
7.83916
6.11358
7.80293
6.03592
6.25688
6.73258
7.19619
6.14037
6.77606
6.31438
6.526
6.46429
6.90444
5.53708
6.27424
5.83042
7.34709
7.28048
7.48618
4.10835
6.10017
6.70653
7.88985
7.19275
7.78222
6.52374
4.94187
6.42665
5.03011
7.45349
6.51629
3.61512
4.08798
6.80082
6.13558
6.69772
5.87
6.0003
4.87909
4.48744
5.83082
7.2817
6.10921
4.96574
6.25383
6.9073
6.29626
5.52588
3.55976
7.51957
6.4392
6.96694
0.438361
7.79705
7.02103
7.3733
5.71014
6.3385
7.07735
6.97897
7.63227
6.51871
7.41835
6.05041
5.17828
6.68888
7.14392
6.52662
4.83037
5.49491
6.76877
7.04037
4.81129
6.68156
7.35015
6.98422
7.58766
0.395756
5.61639
7.18357
7.30005
7.2687
7.35724
5.92688
6.00907
7.78005
4.24518
6.56328
1.81321
6.91046
5.9967
4.77636
5.65752
6.18173
6.34357
7.56358
5.72923
6.75665
7.69354
6.91615
7.22329
5.2479
3.59069
4.15934
8.05918
3.6853
7.15541
5.7069
5.50371
4.8744
5.44062
6.87975
7.76683
6.70997
7.67827
5.15473
5.62157
6.3748
6.69669
5.40096
5.30253
5.61634
6.02242
6.15193
5.05641
6.96313
7.30542
4.86524
5.88383
6.99571
7.51264
7.0939
7.53332
4.5827
6.3683
6.6221
6.59718
6.17124
6.78211
6.8799
7.149
5.34306
5.84
4.59338
6.63655
7.79734
4.73083
6.51047
7.96802
6.14866
6.11694
5.98634
6.80144
2.64772
6.44399
6.62518
6.06894
7.78869
5.27589
6.70365
5.76295
6.09674
5.43315
7.12803
6.32091
6.6961
5.75329
5.84922
5.10886
7.16677
5.36674
4.23134
7.00736
7.44493
6.05964
5.75897
6.91638
6.72048
7.33859
7.78316
7.96158
5.37979
6.5391
6.19312
6.63401
7.57093
6.29731
6.92593
3.63703
2.23126
6.21108
5.69806
6.26603
5.29465
7.41852
5.10829
7.81434
6.02966
7.00599
3.48241
6.97668
6.52316
6.02105
6.53949
6.8133
5.5225
7.79441
5.91881
5.94328
7.73489
6.96575
5.99737
7.69986
6.84178
6.4408
7.50517
7.11793
5.65771
6.94158
7.04611
5.71542
7.17475
6.03897
7.45171
8.02509
3.13882
6.4203
3.55661
6.60351
1.2666
6.36176
5.99045
6.20759
5.01843
7.43867
5.32331
3.19763
6.99658
6.03487
5.0767
6.63421
2.76479
6.29195
6.12094
3.80155
4.89015
6.33474
7.75332
7.05268
7.06072
7.28272
6.07784
5.58834
5.61003
6.87691
6.16381
6.98391
6.54447
8.32137
7.79636
6.97306
5.69721
6.45348
7.63482
7.58811
6.9572
6.51683
6.68926
5.81027
6.91139
7.35744
6.65757
5.26646
3.4406
6.56834
5.78567
6.23445
6.66612
3.48407
6.45218
5.40371
7.15059
7.28471
7.03782
5.85194
2.06224
5.383
6.82946
6.59033
5.74288
4.4827
5.4514
6.51229
4.55748
7.21558
5.35305
5.48617
6.02429
6.85989
5.31706
3.19213
6.07842
3.26256
6.42576
6.1721
6.59972
7.21627
6.58319
5.78126
5.84245
6.28231
5.48312
6.74021
6.50188
6.86509
7.15673
6.20625
4.74836
5.51094
3.5896
5.06418
4.37533
7.05997
6.40684
6.71372
6.14922
6.74757
7.48942
6.38375
6.33299
6.96695
7.17071
7.05031
6.16897
6.22324
3.93222
6.51236
7.37014
3.55846
5.34475
4.09657
6.55751
5.82957
6.22508
6.322
7.26915
6.84218
3.2485
6.20784
1.67907
4.43416
6.67622
5.87614
7.02215
6.84438
5.47986
4.7736
7.00837
5.75063
6.16614
6.52556
5.87837
7.16644
6.8912
7.38446
5.2966
0.227491
2.8739
7.22575
6.88536
0.499548
4.30168
4.66188
5.56724
6.37302
7.00379
5.62864
7.5138
7.46429
7.34257
6.14156
4.56209
6.60263
5.93327
7.68369
5.8732
6.91078
6.73742
7.62307
6.19769
6.40716
6.27366
5.82569
7.79461
6.10547
6.12403
7.01358
7.12156
6.81941
3.88401
2.6223
8.33753
4.90493
3.36585
5.58815
6.38775
7.31704
5.40111
6.73808
6.46963
6.8292
6.9885
3.81871
7.51552
6.46912
3.80564
8.02913
5.96158
6.2121
6.38717
7.24644
7.83489
6.21584
6.22558
7.35022
5.31398
5.94485
6.26872
4.11458
5.82235
6.73854
7.2489
6.07093
0.60178
5.73418
5.55756
6.27037
6.29574
5.3221
6.96065
7.20399
5.88645
5.90629
6.11273
4.50558
5.16728
5.72555
6.57661
7.0003
6.47613
6.22818
7.55804
7.23813
5.99848
6.25905
6.69968
7.28137
3.29676
6.70353
5.53425
6.61162
6.30127
4.5899
7.43724
7.39293
6.39141
7.31874
7.22574
6.51044
5.30693
7.63025
6.14658
6.2839
5.66895
5.81905
4.78594
5.89124
2.02968
5.64687
5.80448
5.9786
7.35495
7.42988
6.48911
6.85722
6.23348
7.50392
5.49239
6.59811
6.63462
6.78617
8.49364
4.88811
0.676677
7.2625
5.87558
3.81138
7.45606
1.8792
3.89153
5.97332
6.68678
4.36626
5.53443
6.70863
7.11157
5.14061
6.20182
6.64282
7.73485
5.67977
7.43905
6.2
7.12397
5.93494
6.7212
6.6189
6.33389
5.36465
8.29943
5.69797
6.28577
5.21488
6.63059
3.5739
7.08231
8.46171
6.34829
3.53153
5.87614
6.08743
7.01955
6.24784
6.71856
7.394
7.67896
6.34959
4.80654
5.09004
8.06097
2.70647
3.79837
7.03687
3.96731
6.81449
7.27724
7.10742
7.43004
5.19453
4.2988
5.90672
5.85743
2.82145
7.1013
5.72813
6.80951
7.72165
7.48263
6.77727
7.29989
6.53789
7.40904
7.48192
5.36511
5.73039
7.47792
7.36347
4.89292
7.3558
6.40906
7.78532
5.85108
7.38182
6.25866
5.65907
7.19298
6.99523
5.53551
5.87151
6.84145
6.2621
5.70388
6.42953
4.84547
6.97121
6.7225
5.23652
6.08648
7.61092
7.14617
7.20826
5.70836
6.71404
5.88517
5.59463
5.71763
6.10799
5.77987
7.31046
7.31046
7.4608
6.12933
6.23987
6.69506
5.71828
7.9402
7.27615
6.15258
7.53352
5.4474
5.39304
5.83877
6.38979
4.3084
4.63747
6.13159
5.34642
4.60002
6.53727
6.71885
6.79067
3.33953
7.46274
6.48457
5.96629
7.37059
7.0713
6.99318
6.56339
6.45297
6.37195
6.82798
6.67552
7.061
6.83154
4.30462
5.46096
7.57979
5.07639
6.766
6.5821
6.86855
6.49943
6.59976
7.12794
5.99274
5.15433
6.5679
7.82936
4.53817
3.82088
5.1336
7.40369
7.67482
5.09326
5.2867
5.91162
2.38725
7.33499
6.8855
5.74168
3.22237
5.08896
7.33974
6.63392
6.0931
6.86255
6.12207
6.80601
5.70003
4.18085
7.13115
6.78631
6.69043
7.00968
5.52996
6.62228
5.92479
6.50018
6.83445
7.27673
4.54922
7.50389
6.01357
6.39533
7.11061
5.8187
5.07876
5.58802
7.43183
7.32351
6.41563
4.26759
6.24923
4.39257
7.39795
7.51747
6.77132
7.38661
5.48102
5.53227
5.68972
7.06082
5.24492
7.81994
3.47221
5.62424
6.61543
6.50409
6.082
7.82924
4.46322
6.82114
6.5493
5.97217
6.18144
2.98187
7.38157
5.98649
4.27621
7.44371
5.68106
5.21557
7.05703
7.82586
6.72271
7.31042
6.58328
6.73452
7.36962
7.37759
7.23891
6.13881
5.44336
6.55243
6.1135
5.69424
7.12485
8.0501
3.41138
5.81286
6.543
5.6201
7.14878
5.55406
6.81831
3.65483
6.80892
7.72729
6.98351
7.12971
5.00697
2.97713
6.5758
6.74805
5.43822
3.80225
1.58446
5.73395
6.38679
6.61007
6.97432
3.53287
5.63699
7.80176
7.2396
3.13655
7.47575
4.39162
2.67407
6.77297
7.2642
6.53816
5.43442
7.04185
7.1084
6.37207
6.83679
5.18661
4.7059
6.97912
7.68917
4.98156
7.93217
5.077
6.78192
6.8942
5.65999
6.5183
7.94986
7.04024
0.784671
5.51171
6.11095
5.39382
6.05744
6.42322
6.16294
7.54343
6.98146
7.08021
6.73227
6.41347
5.3714
5.02597
7.04441
6.5577
5.7152
5.07253
6.31428
7.83754
6.2581
6.12076
6.39916
6.84643
4.21658
4.71415
6.68854
7.04813
5.93807
4.92181
4.78933
6.20487
7.36701
5.37833
5.07817
6.8597
4.33997
7.04452
5.62624
6.63914
6.97922
7.2801
6.28729
7.15027
6.32559
6.42584
6.39688
7.19497
7.74916
6.75294
7.33705
5.90016
7.70035
5.39719
6.83117
5.63872
6.23737
7.19023
4.65792
3.98198
5.96738
7.65156
7.13607
5.79438
4.09708
5.73053
7.69853
3.82065
5.50688
5.39307
7.2687
7.60653
6.64845
5.0457
6.24122
8.03477
7.10281
5.14776
7.34864
6.54448
5.92179
5.98858
5.70286
5.92592
2.80363
7.53575
4.83992
7.46697
6.02129
3.51134
4.72376
6.69875
6.4508
7.99815
7.12957
6.53866
7.83813
5.87038
7.17392
6.17592
6.1452
7.00655
4.43116
6.03451
7.11454
5.38079
6.12648
6.8897
7.67466
4.91238
6.24496
7.59088
7.88253
7.00675
7.74052
3.73033
6.39139
6.67182
5.24394
7.15397
3.1292
6.19965
7.9987
3.81517
6.59214
0.411753
7.11982
4.49507
7.138
6.45673
5.87249
6.66191
7.30221
4.00131
5.85623
7.08726
6.182
4.55873
6.22487
7.36535
3.64955
6.80039
7.37483
4.89669
7.36037
0.961193
7.22843
7.85899
6.58253
5.13165
6.31058
5.23371
7.18333
6.47311
6.18375
7.52779
6.47406
4.68391
7.2837
5.81312
6.36618
7.48471
5.05364
7.1979
6.99201
6.74865
6.99847
6.5561
7.4519
7.02141
7.17936
6.41904
7.17598
7.07901
5.04406
7.24866
6.18864
7.22248
4.15612
6.88341
7.73298
6.65702
6.35421
7.55602
0.94304
5.33588
1.71481
6.59147
6.25634
6.34843
4.07668
6.19234
6.38323
6.69884
5.97523
7.27533
6.98958
6.93458
7.35928
6.74399
8.08526
7.31716
7.77447
7.73877
6.43393
4.12003
6.14008
6.76422
6.88041
5.37346
0.302098
6.67448
7.2613
6.54144
5.31198
5.5201
7.47439
5.94917
5.89882
6.29617
7.33647
7.0641
6.1772
6.36355
6.58105
6.42937
1.82855
5.20477
4.27719
3.32525
6.84523
4.68567
7.43695
7.59421
5.74081
5.62791
7.21132
6.2085
7.18515
6.5558
7.18314
5.29669
0.826832
5.61416
5.25129
5.86735
7.24996
6.55864
4.01523
7.51651
4.2811
8.16954
7.16689
6.22729
7.43551
6.87385
6.15919
6.99614
3.21287
6.51221
7.50312
7.18384
6.80791
7.76249
7.03329
6.15146
6.98912
5.99516
6.0121
6.2279
5.79525
6.36011
6.36316
7.5914
6.58434
6.64879
6.62165
3.31663
3.27844
3.74209
6.82103
6.13756
7.14608
6.96701
6.65462
6.32778
7.08134
6.22411
7.65152
5.79235
7.68589
6.78729
6.25386
5.59609
6.62904
8.04636
5.95566
6.94146
6.28133
6.78622
6.19354
4.80107
5.74019
6.93869
4.44863
7.35962
7.0068
4.07699
6.62939
8.08581
5.69368
6.46477
6.04049
4.2581
6.57998
5.8599
7.24802
6.27617
6.39479
6.5394
7.22464
5.90964
6.41787
5.72945
7.35374
7.67294
6.43734
7.77424
5.95473
7.35775
7.22925
4.72254
4.53268
6.53284
7.61335
8.48066
5.93681
5.20261
7.19605
6.42477
7.20755
7.83871
6.44907
5.42656
5.78448
6.40965
8.39238
5.01424
6.68337
6.7943
7.55186
6.96787
6.81483
3.49726
6.36106
6.547
4.46298
5.7202
7.31063
6.47545
7.63678
8.26137
7.74226
7.00513
5.99376
6.51615
7.05163
6.30269
7.62734
6.46334
6.06217
5.2691
6.266
3.42483
6.58847
7.68492
4.49216
3.79192
6.36294
5.14623
7.68009
6.91611
7.08807
7.3271
6.88781
6.77207
5.54852
7.00797
6.82191
6.37888
6.04622
4.61251
4.87006
6.32857
6.1935
7.28122
6.37035
6.3696
6.82628
3.35702
5.38176
6.59799
5.91226
7.66634
8.63488
7.1882
6.34271
7.04225
4.50127
5.12483
7.31626
4.71384
7.63206
6.00443
6.90782
8.33077
6.48744
6.72386
5.491
6.71636
7.53657
7.25539
5.56341
5.43044
5.28819
6.67492
5.86193
4.72914
5.95415
0.844059
4.71335
6.61988
7.22482
4.38869
6.74478
6.20878
4.51916
6.47216
5.82493
5.35637
4.32579
5.71255
7.03172
7.10823
7.97441
7.02964
5.94542
5.77395
4.8283
8.38857
6.22114
6.02957
2.94696
6.76327
3.62071
4.45911
7.15221
6.61391
6.89305
6.64829
4.6739
5.99257
6.32252
6.17154
6.21018
5.27237
7.71918
5.99402
6.31301
6.63324
6.84419
3.96958
6.46214
2.13595
6.65013
6.03452
5.05976
6.55655
7.60198
6.54376
0.774423
7.7691
5.63251
6.78596
7.06089
6.69122
6.51002
3.65637
5.04992
6.71976
6.73056
6.50451
5.33667
5.28997
5.35623
3.06624
6.78629
7.54869
4.35714
5.58902
6.9373
7.36142
4.61292
7.2244
7.11935
4.09768
6.95072
7.80136
5.23893
5.61177
6.09759
5.09569
6.8499
6.7241
5.72383
6.81927
5.72821
7.17731
5.32689
6.22068
7.23471
6.8024
7.20651
7.09136
3.9956
6.91814
6.90238
5.5473
3.64475
5.25411
3.59072
3.93679
7.31992
7.46773
5.64133
7.86737
6.59652
6.66348
7.27695
7.56922
7.6225
6.45494
5.51222
6.82373
4.83199
7.18911
7.01864
5.49704
6.29044
5.80912
6.38047
5.57643
7.28326
6.57158
6.97694
4.02269
6.60003
4.24647
5.10255
7.13121
6.61303
5.37804
7.9925
3.62538
6.46487
6.0974
7.78745
5.5364
5.59829
3.02352
5.934
7.47916
7.19138
6.7261
3.21433
6.25658
7.45887
5.2506
2.65365
7.37858
6.41968
7.70029
6.33543
6.30139
6.22296
5.77747
6.4773
7.97229
7.67766
4.90225
4.11625
6.14069
5.37377
5.35934
6.22739
7.39868
6.86085
7.79225
6.83226
4.57245
6.32135
7.55434
6.15509
6.832
7.15508
4.61568
5.87139
7.05454
5.36032
5.69148
3.04392
5.29091
6.90255
3.03226
4.54424
6.29541
4.81512
7.35628
6.31657
5.21705
7.50276
5.32803
6.74896
5.34167
7.54623
8.05785
6.42544
6.56474
6.44402
6.76267
4.15041
6.91442
6.9
6.3165
6.38211
7.96676
7.32652
6.93541
5.16543
6.39196
5.72363
7.81592
4.89604
6.00521
6.52913
5.75397
7.61938
2.08286
7.01264
6.8125
7.15721
7.04254
5.5642
7.24974
7.35334
4.87829
6.54879
6.95088
5.51299
4.11252
1.66161
7.77538
5.44683
6.48376
5.16748
5.95608
7.18163
4.23648
6.37614
7.20185
5.3271
7.04596
7.22189
6.71585
7.61189
7.16444
6.44876
0.19323
5.37172
7.05649
4.20605
6.4734
6.38
6.27764
7.03952
6.86982
6.66883
7.13242
2.95942
7.11536
5.49661
6.96318
7.67859
6.36048
8.50149
5.62885
5.5218
6.02104
7.63483
5.13425
6.10674
6.12832
6.34548
6.49909
5.5313
7.02079
3.35499
5.30727
5.98147
7.73085
7.55148
5.51524
6.28416
6.89503
6.0357
7.16087
5.46839
6.44093
7.22107
6.50622
4.31246
5.97088
6.05036
4.63807
5.30061
6.15401
3.35016
5.80805
8.01469
6.7006
6.65042
7.06909
5.58892
6.28003
5.69849
7.74689
7.49369
7.09757
7.14382
6.93005
5.49185
7.46447
6.48246
6.35691
5.37121
2.0491
6.67729
7.20153
7.48267
6.87115
7.08161
6.89236
7.37458
1.62465
7.16642
5.92875
4.51785
8.58227
6.07057
5.80845
3.41241
7.328
7.18154
7.79198
7.07938
5.62647
6.20122
7.16773
5.97163
6.38335
6.70678
6.27329
5.51272
5.05957
6.45984
8.42061
7.31426
6.01259
5.4903
2.27826
5.86102
6.88397
6.95151
6.79779
6.98318
4.68581
4.62145
2.70595
7.07868
5.26464
6.26807
6.14602
6.90948
7.82133
5.9219
6.13858
5.91831
6.7739
7.01135
4.83745
6.40135
5.86297
6.88504
5.60924
6.39553
7.52977
7.98267
7.68861
3.90617
6.60439
5.13784
6.24182
7.18153
2.47435
7.58419
4.01609
6.16725
5.92824
7.12532
6.72216
7.22038
6.17383
6.50774
5.29058
5.71936
6.06084
6.60802
6.34374
3.9775
7.6771
5.90308
6.93135
7.32623
4.06342
4.06618
7.47444
7.06811
6.71502
8.09654
7.46835
6.74356
7.4169
7.03771
6.89126
6.51178
5.96572
6.07916
5.69776
6.13197
7.75179
5.41462
5.77212
6.46888
5.89689
7.48512
7.17056
2.51771
7.05109
6.71387
5.95978
6.67682
7.4445
7.49149
7.14689
7.938
5.16434
6.80893
6.36025
5.26656
7.47762
6.90174
5.66441
7.39574
6.12945
4.94819
7.816
6.43682
6.2657
1.9427
5.86354
4.04561
6.45766
5.83241
5.89203
7.9343
7.50375
5.89241
5.64636
5.58799
0.215165
5.10618
6.1707
6.73208
7.36109
5.14826
6.0233
7.06058
5.84758
4.08795
7.96096
7.19843
6.52195
6.81522
7.30631
5.67118
6.04489
7.74421
7.38535
8.21379
4.49391
6.23213
6.48552
6.17985
5.65934
7.68517
8.36976
6.50758
7.13596
4.83018
6.47073
6.17863
8.26654
7.83709
6.91484
3.37312
6.31863
4.2545
6.9365
7.01307
6.82541
7.42844
5.85322
6.16333
5.80569
3.83441
6.93055
6.49423
7.06312
7.27908
5.17789
4.88579
6.55232
6.70729
6.4369
7.15476
0.32804
6.41933
6.48398
7.03028
5.80682
4.86619
3.92745
5.862
7.59293
6.47266
5.01589
5.88524
6.18082
5.78419
0.622309
6.02684
2.52894
7.32895
6.12721
6.20355
5.76335
4.033
4.94798
6.34596
7.05852
6.99207
6.94598
6.52139
7.53814
6.1223
6.87374
6.37118
5.79639
4.94431
6.74088
4.21591
6.2302
4.81388
6.19319
6.86333
4.55655
6.01311
3.69652
6.99952
3.97186
6.41557
6.16831
7.12139
4.78253
7.51718
5.91639
8.33832
4.95295
4.60963
6.98564
5.30105
6.92603
4.92613
6.82975
6.37843
6.73958
6.60944
4.81727
4.23318
6.65599
4.24155
6.91729
7.08132
6.01658
6.68906
2.54192
7.14277
6.77003
7.68482
5.03698
3.87616
3.47274
1.58437
5.6702
6.88858
5.65821
7.168
6.08319
4.30986
6.33122
6.70883
6.89827
7.47941
7.19145
6.43297
4.49645
4.52725
6.25055
5.7566
4.18215
5.11
5.43936
2.99057
5.23143
6.98242
7.65136
6.03071
6.47791
7.27015
7.5668
6.13362
5.37712
7.48965
5.93909
7.80926
7.42325
6.94745
6.64418
7.84305
5.94325
7.80639
7.58018
4.68897
3.15946
4.66793
7.06935
7.40815
4.57065
3.48274
6.09459
6.05015
6.76283
6.1656
6.45621
7.49242
7.49044
3.30504
5.25457
5.50078
2.62303
5.8577
7.62887
5.33438
6.41858
7.8661
6.50761
6.15859
6.93489
6.64714
5.93346
7.38536
5.3442
7.37447
7.13966
6.48191
7.3896
7.36302
6.9236
5.67159
4.56918
7.81562
6.05687
7.07325
6.41735
7.46028
6.78251
6.85116
6.66277
7.35307
6.57086
5.00689
6.3346
6.52462
0.412352
2.78478
6.3374
7.14714
6.13227
7.67846
5.42635
7.11229
7.08765
7.13928
6.73742
5.79035
7.34797
7.93085
6.99396
7.25248
4.5532
7.0648
6.50333
6.18782
6.162
6.65282
5.39367
6.74956
6.65869
6.44969
5.66289
4.71298
7.21988
4.37461
7.44038
5.01329
7.20231
1.56965
6.50037
4.75169
7.24415
5.16649
5.99476
1.4286
0.0475918
6.84957
7.49032
4.69791
8.07148
6.72458
4.09807
7.48695
6.57508
6.58487
6.7912
4.39857
5.83506
8.12458
3.46541
6.8184
6.6234
6.51113
8.55851
6.08114
7.68844
7.58672
4.92752
6.93042
5.97599
6.19998
2.01517
7.19551
7.30375
7.8917
5.5425
5.24753
5.61038
7.76472
6.50467
6.15299
7.527
6.04152
5.62926
7.46266
5.70243
6.08304
7.48792
5.13162
6.16159
6.20025
2.61107
6.19284
4.59898
7.23172
6.89534
7.78135
7.13977
7.38616
4.78978
5.61429
7.07191
3.47419
4.8082
7.52708
6.76893
4.91756
6.27015
6.43522
7.33236
5.61923
6.28218
7.2697
7.32645
5.7697
7.90404
5.31558
5.95697
4.10062
6.43868
6.44377
7.12201
6.76663
6.96513
5.66233
7.12073
5.12304
6.53054
6.5675
6.79735
5.04725
7.53288
4.89385
4.01778
7.10247
7.24255
4.92822
6.22422
6.13566
6.28098
6.12588
5.65059
7.06365
5.82933
7.30135
5.29339
6.82401
6.61977
5.37921
6.50972
4.42233
7.3647
7.7252
3.11926
7.74254
6.28
6.74203
7.27064
7.40875
5.59956
7.64388
6.04982
7.55005
6.44052
6.04299
6.80068
7.34845
6.43118
1.78164
6.49486
6.09114
0.397008
5.94385
4.91277
5.48627
4.2052
7.09944
8.02388
7.76333
8.23611
3.80758
6.49303
6.76749
5.1361
5.74985
2.12439
7.19078
6.45181
6.11217
8.48609
7.36294
6.53772
6.04769
6.16873
3.58736
6.64424
7.10615
6.10593
6.30835
7.03215
6.76661
5.68773
3.74079
6.84228
6.07533
6.9774
6.3692
4.85125
6.8174
6.47241
4.52237
6.60674
6.21919
7.8346
6.41193
6.93198
3.21927
6.42439
4.98551
7.58548
6.01933
5.6031
6.94127
7.5678
6.13673
6.11492
6.57444
6.73843
5.84248
5.45251
7.11657
5.50879
5.26861
6.89555
5.49635
5.36092
7.8896
8.06328
6.59066
6.51223
5.95787
6.74826
5.35958
6.85454
6.36807
7.25293
6.71227
6.25525
6.85584
6.61275
7.70267
7.48329
7.75468
3.85774
7.2259
6.28542
6.62369
6.67556
6.09405
5.20891
6.51313
7.64481
7.75913
7.44885
5.90965
5.11075
7.22914
7.15281
8.02665
2.9507
3.84757
1.72366
5.21911
6.52276
6.3122
5.23799
7.79935
6.53903
6.65206
7.69465
6.23562
5.08892
7.22779
6.71936
5.55289
5.78828
6.29666
6.74812
6.80771
7.3947
6.46346
6.14426
7.13667
6.82656
7.79579
4.79172
8.17405
7.60034
7.26379
7.509
6.36157
7.09266
6.90544
7.92446
4.33969
0.777751
7.23153
5.71574
7.72627
5.13863
7.36709
5.67808
6.04208
4.48107
5.90168
5.55177
7.45869
6.43114
3.972
6.50354
1.182
6.51814
6.97465
5.86112
4.69731
6.01418
6.82465
7.31266
5.89757
7.03144
6.57828
6.5526
7.47369
7.28814
6.67674
5.73063
6.5724
5.79995
6.29415
7.2467
7.33482
7.71347
6.28665
7.97147
6.71613
6.52147
4.86567
7.94072
6.42937
5.87618
6.72106
7.24031
7.02029
8.20509
5.70551
7.46692
7.01588
5.62896
6.07284
6.53439
6.82117
3.81251
6.95837
4.48351
1.34115
7.45082
6.77114
6.89653
6.33552
4.75777
4.7513
6.67803
6.64688
8.28023
5.73212
3.72164
7.33999
6.93906
5.82438
7.08114
7.14927
6.0372
7.22763
6.17808
6.9869
7.1119
5.88073
4.85105
7.22567
7.26277
6.97067
7.42887
6.57114
5.54382
3.41256
7.06602
5.90676
7.76069
6.01206
7.18814
5.92196
6.85434
7.86004
6.63239
6.37481
7.6035
6.25372
6.23531
6.45545
7.14386
4.11945
7.25543
7.81399
7.11094
0.525997
7.2863
7.85957
5.81965
8.06679
6.8007
5.77081
7.22725
6.98364
5.12852
7.21267
7.53453
5.60379
6.8885
6.42095
7.87781
6.31543
5.48962
5.65458
7.52485
6.01752
6.46895
6.12999
5.37174
7.48092
4.50588
6.7062
6.33329
6.94192
7.93499
6.67118
6.56873
5.98198
6.99476
3.4978
6.91311
7.0161
6.47217
7.23335
7.34364
6.11045
6.93149
7.4419
5.5365
6.66817
5.0094
6.24992
5.0548
6.3091
7.32029
6.08489
6.68164
6.36764
5.65638
5.4421
6.42612
5.55984
5.54736
5.83453
5.59876
5.35774
7.16237
6.04626
4.8431
6.4992
7.45931
6.43721
6.28403
6.20669
6.20227
1.07692
7.53364
3.68657
7.01992
5.23674
6.39834
1.97678
5.86579
7.52276
6.09602
7.79266
5.63118
7.27693
5.59859
5.97896
7.025
7.0284
7.02701
4.26422
6.31619
7.2538
7.55268
5.95167
5.2477
5.16337
7.5847
6.73629
7.56411
6.86234
6.56152
5.8046
6.18293
3.83858
8.2553
3.14454
7.56636
5.2038
3.93238
4.9381
4.58062
4.19513
7.20732
5.11382
4.39532
7.24379
6.44374
7.13345
7.03789
8.34577
7.38618
6.60524
6.28029
6.87593
7.15957
5.75407
6.11147
7.38843
6.9652
6.78365
7.54733
4.81447
4.81114
7.69359
5.93168
3.12364
6.15844
6.90088
4.08608
6.88378
7.32841
7.60663
7.09121
6.66552
7.11989
7.06743
2.8998
5.17137
5.28116
7.61802
6.91561
6.89935
6.61886
7.56793
6.60436
6.48153
7.45954
5.78349
6.73302
7.06285
6.63202
7.10153
7.68019
3.8174
5.38195
7.45813
5.5412
7.05687
6.26609
4.68838
3.94884
6.13376
6.44641
5.33861
7.38932
6.71615
7.3279
7.75339
7.57577
4.92829
7.49312
4.94257
7.15122
5.77427
4.75995
6.6453
5.82061
6.08589
5.52232
5.54549
7.04514
2.48877
5.11811
6.51456
5.46235
7.06139
7.20921
6.36868
5.7823
3.81214
6.60964
6.26522
7.20471
4.79803
7.46489
4.83257
6.25332
6.89502
3.97181
6.43819
6.89436
7.69626
0.204044
6.90965
7.72725
7.38394
4.21487
4.99888
4.84714
7.01629
5.80621
7.55833
6.20186
6.5382
6.83397
7.06171
7.25144
6.32582
7.30554
7.54907
7.22051
7.37128
6.569
7.45734
5.64498
6.51676
6.38889
5.72622
5.70915
6.5047
5.235
7.12891
7.14861
5.48564
6.07825
5.77091
5.59827
6.61477
6.6969
4.41465
4.54108
7.53843
3.44149
5.22548
5.60031
7.49828
6.16412
6.18245
2.29225
7.34881
7.27929
7.58911
6.95655
7.3217
7.30296
5.13874
6.99331
6.1983
5.83812
6.41498
4.06052
8.15014
5.79189
6.93072
6.14283
5.78824
6.20166
6.70197
6.73369
8.02648
6.58322
7.16187
6.55366
7.87148
5.90759
7.25546
2.68439
7.56374
6.07604
6.68536
6.93211
4.39131
7.21888
5.83259
7.28334
1.56961
6.90836
5.16194
7.19583
6.29429
5.73451
4.15527
5.90477
7.44049
6.99912
5.62781
6.14452
6.88616
6.28379
7.51432
6.86576
6.58219
7.22976
6.67117
6.56821
7.33554
7.6181
2.06116
6.3089
6.6121
3.90626
6.00788
7.53973
6.45952
6.92514
4.12321
4.63055
4.45712
4.52076
6.58861
5.6799
4.15908
7.10673
7.28268
5.88519
6.0081
3.27943
5.16887
4.4312
6.69357
6.55226
6.05675
6.6816
6.04896
7.94964
4.70011
7.14668
2.09106
7.98142
5.02682
6.3921
6.89414
6.83893
6.63622
7.07755
4.67562
7.33429
4.26608
6.98861
1.42607
6.35855
4.44359
7.09733
6.76573
6.34603
7.52678
5.90541
6.65527
6.95907
7.71524
5.50389
5.52154
7.98831
6.29008
7.05439
5.35812
6.09441
7.27239
5.38882
7.76355
8.48157
6.80385
6.38965
7.33572
3.43054
4.96119
7.286
6.69157
6.5377
6.79029
5.5621
6.13304
6.05156
7.23604
5.19917
7.66441
4.97968
5.70147
6.91322
6.67883
6.04062
6.73423
6.62721
7.37592
6.262
1.65662
5.20974
6.96669
5.19647
5.93057
5.24971
6.66051
4.39901
6.17976
6.4068
7.15903
7.93767
2.04913
6.74718
5.02492
3.32892
6.21108
6.17744
5.66374
7.91884
6.24343
7.37892
6.52368
6.17838
6.12544
5.13958
2.67249
2.4459
7.46771
7.29301
6.70371
7.5732
3.18817
5.53312
5.12275
5.70282
6.68249
7.93778
7.91163
7.61663
4.0905
5.77938
5.84681
6.37135
5.99563
7.51966
6.05686
6.02331
6.14636
5.99729
4.08756
7.03952
4.42036
6.29655
6.64854
6.53567
3.96356
7.10743
7.36291
6.59255
3.7686
6.89964
6.25693
7.33926
4.36533
7.48767
2.6491
7.30243
3.74756
7.49702
5.82379
5.1773
3.25664
6.83667
7.93014
6.53543
6.27671
6.2919
5.30254
7.32009
7.07933
7.62483
2.46672
5.99818
5.66919
5.61503
6.08166
6.99827
7.02692
6.17216
6.39618
7.24138
5.96644
4.3464
7.0588
5.95917
4.10079
7.17814
7.86408
4.57856
7.31804
5.86537
5.39791
7.2805
5.17494
6.77385
6.73498
5.95301
7.1935
7.13904
6.58184
3.61236
4.79761
5.91799
5.48572
6.50706
6.60132
1.12349
7.30974
5.41469
6.57761
6.25316
7.18169
4.77906
5.04612
5.85933
1.48254
7.48176
7.43178
6.47168
5.83711
7.41854
5.85538
7.82032
6.88909
6.66334
6.75267
7.33171
3.31094
6.50861
6.47524
3.24009
6.79276
5.717
7.76928
4.03959
6.76206
7.18064
6.5241
5.21016
2.87398
6.80109
6.7995
7.58063
4.81641
4.74061
4.79303
5.82793
6.31298
6.71094
5.51354
5.46382
6.48432
6.63701
6.24417
5.99958
0.989497
5.6319
7.03818
6.09448
5.00217
6.74411
3.8159
6.63358
7.40731
5.73535
6.00267
6.98572
6.51834
6.63962
3.94065
6.64998
5.53168
7.14318
7.54742
5.28525
6.15043
6.68116
6.60745
6.37404
7.09806
6.68311
5.60212
5.32921
7.49651
7.0388
4.03921
6.90653
3.9558
4.71911
5.66193
5.37848
5.21679
2.1496
5.66608
3.7708
6.12031
4.07218
6.23124
4.66213
7.2406
2.87727
7.01498
7.23139
7.57805
7.58971
6.66934
6.68017
6.82049
4.99916
6.93704
5.93009
7.06774
4.45661
6.78603
5.51712
5.10159
7.08209
6.84417
5.8391
5.28746
6.10361
6.46802
7.27143
4.77671
7.28426
6.73467
7.2012
6.59656
6.41709
7.25168
3.30615
5.49581
6.60986
6.66935
7.07579
2.96842
7.09722
6.10251
6.56623
3.5193
4.01081
6.93675
6.34027
6.92562
7.50822
4.95075
6.9439
4.6423
6.07411
6.58189
6.89796
7.20413
1.42555
7.35095
3.41041
6.01843
5.64566
6.8045
6.4878
6.69757
7.25336
6.91352
4.45246
3.16367
5.41906
6.40375
6.27358
6.68806
5.42798
5.11855
5.8087
7.53689
4.30133
7.10546
6.465
6.98631
6.77522
6.11378
5.59795
5.42054
7.24274
7.00951
6.71118
7.65918
5.92101
7.18199
6.55854
4.52969
6.35791
7.30722
6.24483
6.67588
4.68809
7.21313
6.54342
6.60635
6.31494
6.31571
7.08975
5.03066
6.12251
5.24655
7.32074
6.6111
7.6995
5.91275
2.97488
7.75374
3.33503
6.54026
7.06591
7.20255
5.71238
7.19752
6.27794
7.01918
7.05611
1.1213
4.09598
5.5854
5.92495
7.08841
4.05562
7.61003
5.18996
6.84652
7.11884
5.42569
7.67135
6.92441
7.21855
5.55145
6.91321
7.72346
4.93443
8.01202
5.503
7.28126
5.06008
6.7248
6.32463
7.01724
6.40159
6.14001
4.81488
8.02375
6.5484
6.33938
7.62787
7.79125
5.18203
5.80036
6.9875
7.44646
7.36452
6.21111
6.93699
7.31431
6.91818
8.12107
7.31197
6.08879
7.57138
6.51226
8.48725
5.53355
6.0941
7.92586
6.33987
7.406
6.37877
6.45768
6.09369
4.70221
4.9974
7.95084
6.71695
6.57415
6.91286
5.46998
6.02383
6.50714
4.6117
7.06548
7.11487
6.23863
6.68104
7.05248
3.87757
7.26114
5.05831
5.86374
6.9978
5.96659
3.62439
4.17811
4.72278
6.62889
5.47264
5.48432
7.02646
7.08995
6.7152
6.67257
6.68597
5.41917
6.83274
5.5454
7.123
8.46302
6.65989
6.81082
3.81409
3.89599
7.36726
7.19128
7.21606
7.06104
4.19569
6.43532
5.37067
6.32114
5.6303
6.16355
6.57892
7.62676
6.5597
6.38209
3.99902
8.07528
7.81325
7.21643
6.50909
4.63176
4.79707
4.78692
7.39334
4.93759
6.96052
6.32442
6.24344
5.63933
7.3957
6.26214
5.6993
5.95212
7.26715
6.38964
1.54929
2.72665
6.85442
7.18077
5.55313
5.81617
6.30603
6.21086
5.49519
5.49994
5.49994
6.70213
6.10855
6.94881
6.85664
4.70185
4.272
6.60349
7.51511
6.79936
7.72436
8.14197
6.38583
7.0909
5.41818
6.34415
4.86221
6.28856
6.17468
7.11673
5.53448
5.97936
7.40106
7.0349
6.1678
6.5035
6.13424
3.85185
6.80732
7.50326
4.99523
6.07887
4.73103
7.42512
7.06641
6.45407
7.1347
6.66367
5.16393
7.92276
7.40483
6.26715
3.94112
6.93673
7.38874
6.7838
4.52037
6.84329
7.19924
7.04118
6.68282
7.37132
7.0377
7.13686
6.82635
7.00313
6.30211
7.09218
6.18235
7.5907
4.40367
6.94941
6.55943
6.01137
5.28274
6.39545
6.00204
5.03139
7.77489
5.59833
5.23949
3.57529
7.56433
4.86502
6.64952
3.06427
5.27586
6.49516
6.40531
6.54409
5.5899
7.04459
7.43703
6.42991
4.27478
6.5606
5.82113
7.2485
5.54817
5.36255
6.88453
5.80929
6.592
7.85621
2.77381
7.0044
2.56226
7.36372
6.67301
6.29738
5.49119
3.09144
7.19397
7.74489
2.3949
6.04418
2.68303
6.75806
5.57143
6.47812
5.54108
8.25354
7.27554
6.32725
7.49179
4.17621
4.3811
4.35178
7.33247
7.09335
6.92105
6.64309
6.36761
4.64995
7.2423
3.63163
6.21654
5.28553
5.89496
7.10097
6.57225
2.15505
6.90151
7.697
6.02845
7.11499
7.10718
6.72583
3.45672
7.09223
2.93554
4.73568
7.47531
3.92179
4.57046
6.40442
7.6375
6.11213
6.32393
5.87852
5.98975
8.06327
6.42204
7.0337
6.74888
7.77
6.16111
6.74324
6.73611
7.47205
6.93126
6.78322
7.07473
8.00501
5.45283
6.54934
5.8835
6.9683
6.86541
4.79889
5.09718
6.71497
6.61857
6.53967
7.69832
4.17311
5.93086
5.97621
5.31793
6.34798
6.29569
7.27755
5.46651
2.26612
7.26347
6.03861
7.71767
6.87444
6.59401
3.76239
6.20486
6.53241
6.71584
6.05918
3.0456
4.58797
7.23879
5.94197
6.35499
2.35495
7.29874
6.6994
6.89967
7.07079
3.57851
7.61145
5.55573
7.96203
6.86929
5.59615
5.71634
6.31667
5.73526
4.98068
6.36613
7.22499
6.75752
7.34135
7.73788
6.56826
3.63626
7.70635
6.13541
7.48187
8.02279
6.61961
7.77588
6.92984
6.43243
4.75956
6.72941
4.90349
6.94508
6.89277
7.60858
6.7058
6.98076
7.07401
6.25726
7.75385
6.67795
5.55321
6.87023
7.14079
4.96406
7.1688
5.68794
7.02788
5.89635
6.91818
7.55635
7.79862
5.23397
5.44027
5.94046
6.71099
2.42078
7.35163
5.24979
7.76365
6.45933
2.26724
7.38547
7.15713
6.12179
6.30347
7.10941
6.43785
6.5679
7.15615
6.21171
4.83334
6.84979
4.10504
7.43998
3.56941
6.5792
6.0912
8.02686
4.79397
6.15745
5.7895
7.15517
6.87498
5.71729
5.30852
6.44103
1.89982
6.90656
6.64705
5.19454
8.21723
7.09319
6.85196
4.86761
6.76169
7.30761
6.57825
5.56203
4.21882
6.50505
6.54592
6.82216
2.08901
7.78265
6.01075
7.78928
5.35055
1.73196
6.42043
4.39596
5.44334
6.10035
6.05647
6.61423
3.96007
5.93917
3.3648
6.95072
6.75605
4.91751
6.6768
6.23673
8.18936
4.23109
4.44511
6.06646
6.87213
6.58968
3.38459
7.16216
7.01642
4.30936
6.48145
6.78826
6.78812
5.40684
7.13684
6.10337
5.72974
6.78189
7.19092
6.6572
3.5768
5.61433
5.97474
7.44342
4.16152
6.43829
7.33379
6.24494
5.47024
6.92482
6.73895
4.62086
7.55538
6.47966
2.67312
5.6811
6.40262
5.33187
6.87962
6.39697
6.01262
8.20347
5.75001
5.22137
6.37132
6.63631
6.27829
6.37442
6.81727
6.46277
6.07018
5.95711
6.38229
5.38158
5.21942
6.70964
6.36174
6.79937
6.66229
4.82217
4.28072
3.85782
6.27179
5.21071
5.23207
3.33181
6.96274
6.95177
6.11952
6.66663
7.08456
7.04228
7.69833
4.38807
3.18465
6.2024
5.66958
5.22521
7.6049
2.75468
4.9122
6.86307
4.01697
2.44285
6.93469
4.73002
6.83698
5.58433
7.01462
4.39556
7.2118
5.09294
6.63867
6.92944
5.5939
3.66266
6.10906
6.23345
5.41639
7.44027
6.81013
7.19945
5.9921
7.58966
6.59547
4.85359
6.62053
7.35103
6.7462
7.07162
6.50565
7.59459
7.09004
6.73513
6.47613
4.30153
7.44333
5.99123
5.76879
5.4665
7.33517
5.99805
2.04558
7.15372
6.7227
6.60717
2.8022
7.40871
6.26736
7.33811
7.43988
5.96712
7.81006
5.39229
7.02129
7.44335
5.56701
6.91529
6.1691
6.39973
4.99441
0.911999
7.22341
5.50119
5.69018
5.14747
6.50827
6.599
5.5972
6.6891
6.22504
5.97612
3.56716
6.49715
4.03755
7.15676
6.52807
5.86908
6.71799
5.92791
7.69868
6.18834
4.71427
5.75264
6.02778
4.53823
0.712122
6.93522
6.87537
6.63282
8.04415
6.75877
5.73258
7.51284
7.67405
0.972118
3.72271
5.43363
5.17463
5.69068
6.69197
7.07596
6.95818
5.64131
7.15018
5.99053
7.29339
3.83155
0.779329
4.67062
5.0505
6.1493
6.95076
6.45848
6.18235
6.57278
6.96485
6.80621
7.13552
5.34786
7.93033
7.54535
6.35274
7.69257
7.94743
3.54022
3.6644
6.60045
7.54819
7.16639
6.29457
7.14671
6.7944
5.35942
6.25394
7.57365
6.47989
6.5773
5.93231
3.01655
7.33719
7.28727
6.42573
3.88275
5.73647
7.65828
5.3671
6.67202
7.71089
5.95298
7.65738
7.38528
7.40567
6.56125
7.59831
6.89824
5.88786
6.42939
6.33198
2.10171
6.93184
7.34387
4.10361
7.69476
8.08724
7.26653
7.2563
5.79109
6.96152
7.84709
5.21216
5.06162
7.14276
6.41376
7.08379
6.62643
5.84663
4.90283
6.68103
7.33076
6.14441
6.20061
6.43479
6.70039
6.60896
5.5938
5.49885
6.21909
7.37546
6.1148
5.04855
6.2959
5.97658
5.64048
3.68985
6.69015
6.73048
5.543
5.54207
7.72719
2.08836
5.68443
7.36996
3.70161
6.84825
6.19664
7.9
4.76758
6.64685
5.28656
4.48759
7.04096
6.65237
5.60531
6.39996
6.00156
6.86586
6.96349
7.47164
4.00288
6.33503
3.15444
5.60717
6.99204
7.86322
4.34627
5.83809
7.40487
6.98598
3.19611
7.07178
5.97745
6.33318
7.26533
7.11341
4.28326
7.62118
7.71407
7.4279
7.0508
6.11265
7.16547
5.88781
5.23401
4.06961
6.85569
7.10392
4.46881
7.32901
5.39821
6.7916
5.62711
5.59396
6.04119
3.11306
7.07839
5.97171
6.01054
7.01886
7.01306
7.30443
7.10248
5.67068
6.6685
6.10467
7.56485
7.17818
6.70686
7.45491
6.7921
6.39568
7.27647
6.34888
6.89257
6.11904
6.82719
6.75543
4.93544
5.39025
0.564782
1.80739
7.60106
5.86423
4.54111
3.80439
8.00945
6.65128
4.90869
7.19465
6.51904
5.6245
6.69977
5.0417
6.65801
5.4679
6.02558
3.95118
7.43506
6.22744
6.39554
0.405654
4.82244
6.78128
6.89877
6.19796
6.40585
6.55873
5.85863
7.60425
7.78621
7.44078
6.97654
4.60976
5.57968
5.95007
5.98939
6.04163
6.93209
5.1573
5.56182
5.97545
6.01845
6.95499
7.36673
7.42975
6.82775
6.55639
3.40371
6.19867
5.29495
6.94071
5.55611
5.09401
7.38293
7.51314
7.39857
6.45592
5.97351
6.77351
7.29254
5.52307
6.89465
6.72893
4.60266
5.70729
7.53285
6.37655
6.25982
5.88912
6.884
6.55357
7.43233
7.24606
6.96528
5.593
2.97611
7.36332
7.61903
3.36327
2.90951
3.76377
6.57942
7.59329
5.51721
7.15662
5.92028
7.49457
6.49897
5.29675
3.92203
7.45189
6.1273
6.41653
5.74644
7.04275
7.12125
7.71176
7.12852
5.52714
4.82542
6.65586
6.41839
6.81796
6.57052
5.96738
6.42478
5.70888
6.79606
5.24955
7.61698
6.66109
6.28238
7.49225
4.44056
6.53504
6.60384
3.2147
5.90305
6.18808
7.20171
6.84528
7.17056
7.84099
7.09724
7.13474
4.56802
6.51504
7.37021
6.20493
6.5517
6.23427
6.56155
7.03392
5.96907
5.684
6.75244
4.77437
7.32331
7.08276
6.54368
6.55646
6.83945
6.74215
7.1353
7.04256
6.25528
6.68105
6.39943
6.50647
5.01961
5.25453
4.46013
7.22776
5.84226
7.57816
6.80508
6.74265
6.08023
4.42546
5.30609
7.45117
6.82197
6.40721
6.76288
3.54057
5.81681
4.54667
7.73638
6.6628
4.68153
4.44105
6.146
6.41235
6.83406
7.68928
5.7207
7.00932
6.74247
4.14535
6.29259
7.59735
5.71121
7.11536
5.90861
5.56515
7.33415
7.48959
6.47618
8.15011
6.52625
6.95267
6.60873
3.42117
3.25023
7.47426
6.17657
7.93825
6.94588
2.84289
3.41667
5.87411
6.4153
6.63478
6.10896
7.28925
5.91073
4.99161
6.56002
3.02134
6.67546
6.05204
7.80655
6.38391
4.3344
6.65575
6.84054
5.06663
5.94783
7.33024
6.40173
1.74682
6.70091
3.88068
6.32763
7.47148
5.22061
8.4415
5.82496
0.376568
7.25446
4.97575
7.4266
6.60328
7.473
6.12173
2.37836
6.2846
5.39684
5.89514
7.18493
7.24525
4.47179
6.82661
5.44106
6.9682
4.52447
5.83941
7.84488
7.03356
5.52347
6.80341
5.65651
5.47349
7.59706
6.72043
5.6201
6.03299
5.02053
6.00904
4.84698
6.21134
6.78823
6.97517
4.70432
7.64322
6.35783
6.64917
6.44226
6.06201
4.15984
7.93185
7.32338
4.91638
3.49227
6.92971
6.545
5.68575
5.01957
2.72995
6.68337
7.97976
6.55219
5.08011
7.44122
7.09072
7.49153
7.49764
5.70493
4.67762
5.88211
7.32998
7.18768
7.32489
6.82794
6.33799
4.94969
7.97075
5.90869
5.36628
5.79558
5.25574
6.52381
6.8472
5.95096
7.16497
6.94109
6.93397
6.86771
6.60321
6.73493
6.3423
5.29572
6.41475
5.45996
2.82922
7.85571
5.85774
7.36846
6.61405
7.27689
7.08417
5.70788
5.97466
7.73732
6.36188
6.18759
5.21608
6.64789
5.94952
6.01537
5.42082
5.61808
4.69901
6.80551
7.02723
6.79452
4.62796
6.28512
7.67973
6.29842
2.23444
5.0235
6.54468
6.52326
7.58616
3.92377
3.55158
7.7117
6.35643
6.76453
7.55154
5.96809
6.97114
6.27028
6.85725
7.5377
7.62972
6.93605
6.6579
7.2793
7.34276
6.29934
7.04059
6.80036
6.29298
7.36632
6.35628
7.28348
3.37524
5.65144
6.40601
5.78295
7.04436
5.32476
6.88067
6.79467
4.9999
7.21871
7.32211
7.12215
5.48002
7.47198
5.89477
6.70887
6.94715
5.48333
8.33854
7.22995
6.73625
5.38116
6.20473
7.44461
5.45838
7.58201
6.85798
4.86453
5.78232
5.75303
6.83689
5.50047
6.31667
4.9102
7.38801
7.72247
4.98405
6.21932
6.95012
6.89894
7.16282
6.41746
7.24833
5.73603
7.84854
4.87884
5.51473
6.45999
6.55484
3.92506
6.53193
6.70612
4.10557
2.87323
7.00882
6.31087
4.50952
7.22297
6.71115
5.70249
6.70054
5.96586
7.52352
4.47412
5.89114
5.97536
3.83243
7.0993
6.46788
4.3562
6.00052
6.33427
5.12116
7.08147
5.98171
7.21574
7.38162
5.14711
6.23437
7.83231
5.03018
7.85182
6.97048
7.55523
6.9927
5.93266
6.02443
4.96597
6.63382
3.95944
6.53355
8.22157
6.12924
6.90397
6.94551
5.69879
6.3603
7.1549
4.79148
7.43944
6.14996
6.51248
6.22605
7.49023
7.6919
5.2424
6.03567
7.76014
2.69081
5.88374
4.34072
7.74222
6.0067
6.61111
7.56723
5.97885
7.26558
6.79012
7.00911
5.38624
5.27533
8.0926
7.42306
6.5414
5.45213
4.47804
5.02556
7.88659
6.35511
6.51382
6.37041
6.55167
7.71347
4.17386
3.8606
6.15278
7.23502
6.82574
6.97017
6.26938
5.61354
0.74491
7.69223
6.87584
6.7466
4.25003
6.7004
4.25168
6.09466
6.27776
5.91985
6.39988
4.92848
7.81623
7.02208
7.29363
8.17374
7.39756
7.76286
3.99538
5.54744
6.58281
5.7635
7.52481
7.16778
5.99237
7.39457
6.87986
5.92638
6.68713
6.68467
5.96089
6.92204
7.0436
7.57459
5.91852
7.11634
4.33836
5.117
7.19573
7.12966
5.45537
7.10403
6.66671
5.53536
6.17716
7.72991
6.16138
8.06591
7.00758
6.99751
5.36188
6.96302
7.59526
6.99124
6.28815
7.40218
7.03537
6.43968
6.46431
6.00925
7.1109
5.99413
2.90642
6.5418
4.99823
6.28645
3.39561
4.81906
6.47502
7.1633
5.80265
7.54385
5.73277
5.23314
6.33604
6.52487
7.99027
7.4963
6.93991
3.64838
6.35283
6.65813
5.061
7.87621
5.39689
5.39116
6.46766
7.169
5.09363
5.63862
4.79621
6.8553
3.65956
6.27997
6.2391
6.31163
6.61864
6.2525
5.02081
6.83637
5.80846
7.77765
7.18666
5.46722
7.00684
5.8049
5.91357
7.23496
7.1398
7.01387
2.43003
5.43456
5.79242
6.46179
5.33157
6.79308
6.50619
4.83179
6.31925
7.86494
3.89672
7.9539
3.9764
7.19862
6.72187
6.01498
6.14371
5.88098
7.98621
5.89636
6.01942
6.53487
5.1219
5.51471
5.30552
6.33503
3.99167
6.5289
3.43124
5.27939
6.88815
7.82728
7.97186
5.94644
6.96632
3.05204
7.31461
6.13758
6.5202
5.56827
6.15374
7.2393
7.45872
6.30718
5.80952
6.6425
7.49054
6.91022
6.48881
6.10652
3.71158
7.58562
5.93898
8.12726
3.88144
5.17142
5.04221
7.16831
6.3993
6.08977
6.76682
6.0977
6.50597
5.59954
7.31905
6.79033
6.66
7.21232
6.44575
6.66459
6.03735
5.04279
6.55565
5.95337
8.10565
7.22458
6.91776
4.9108
5.86692
4.90745
6.70691
7.44788
6.53841
5.76199
7.08303
2.43242
7.99309
6.44821
4.11486
6.90484
7.09484
6.22599
4.31336
6.8377
6.09732
6.88053
6.86714
6.23124
6.94628
6.08247
3.18381
2.61511
7.1848
3.11746
7.6662
5.40716
7.73026
3.09146
7.73546
6.04717
5.28639
6.65402
5.8949
6.23334
5.91952
6.23646
7.46837
6.63529
5.83307
3.43179
7.46155
5.86568
6.37915
0.498624
5.95221
5.58934
6.89523
4.999
6.73667
6.41174
5.94516
6.86989
6.8277
6.12653
5.06459
6.98583
7.00161
5.3926
5.57491
7.5279
4.48379
5.98782
7.08114
5.43622
3.56437
6.90974
6.58377
7.80536
6.73946
6.56393
6.63938
6.8121
6.76091
6.97974
5.20211
6.04444
5.80092
6.04739
6.9037
5.02277
7.41827
6.91347
7.05107
5.86852
6.96611
7.40482
7.32563
6.54709
6.17402
7.44519
7.07794
5.66693
4.67102
6.46882
7.32608
4.29191
6.6658
6.12318
6.15524
6.85076
6.74317
7.355
6.48522
7.44337
5.05923
5.72502
6.87848
4.5921
6.97816
6.13906
5.70697
4.30892
7.39154
6.90287
7.34513
6.90749
6.35542
6.69836
7.13547
6.56519
6.71514
7.50487
7.16768
7.33207
5.96275
8.20793
5.90581
6.10996
7.16818
7.23581
7.55972
6.08632
3.5902
6.14591
5.94416
5.84951
5.84309
6.36845
6.52711
6.99646
7.38152
4.65147
3.55726
7.866
7.19603
4.2213
6.07641
5.50844
5.88588
7.17086
6.39699
1.15812
5.75979
7.84419
5.43921
5.27229
7.05881
6.14712
6.33199
6.05136
3.63414
6.7434
6.75987
7.42406
7.35152
7.21662
4.8425
6.67278
6.31396
6.61391
7.55535
5.76463
4.9707
4.68394
7.57455
7.66947
4.83205
4.37063
6.37705
2.964
6.26965
7.55149
7.62683
7.35435
4.9842
4.07173
6.52401
6.47177
5.30578
7.285
7.24898
6.5218
4.80954
8.25512
5.15569
5.82276
6.93154
7.37044
6.77678
6.52537
6.29282
6.40247
5.92056
6.23252
6.06402
3.47299
6.73248
6.50625
3.70485
6.67252
2.61299
6.15923
4.7456
7.56756
4.95781
7.12154
7.0914
4.8448
6.39481
6.82957
5.75518
7.79762
7.74806
6.60314
5.10663
6.61043
6.0384
7.87872
7.17453
2.00097
7.28761
4.90127
7.19906
6.54815
7.27966
3.49175
7.19669
5.73583
6.10556
6.72882
6.16005
6.06926
3.79122
4.63002
7.75493
7.74093
4.98858
5.74715
5.2944
5.37087
6.6876
6.57115
6.74878
7.49397
6.30634
6.19807
6.85607
6.95582
6.88709
3.89161
5.93013
6.22663
6.08831
6.48977
7.59654
6.21596
6.43539
6.81187
6.81268
6.37133
6.69569
6.80626
8.06542
4.70912
6.67289
6.76613
6.81721
6.84974
7.44277
4.29338
6.56093
6.86259
5.09651
5.87307
5.78835
4.32622
5.53978
6.643
7.2797
5.56448
6.00713
5.92985
7.43768
6.71031
6.04825
3.48026
7.34938
5.44228
7.03044
6.10596
2.75732
5.70838
7.76875
5.08708
6.97161
7.23189
7.19311
7.02243
7.21846
4.16659
6.3408
2.97226
5.37503
5.23181
5.14597
5.94831
7.63692
5.17375
5.79654
7.23517
6.88228
7.35203
6.99191
7.29699
6.73252
6.43092
3.48575
4.94149
6.99024
6.95377
3.41827
7.37056
5.6682
7.25386
5.89784
7.588
3.89717
6.54973
6.98992
7.48367
2.6148
3.32173
8.18889
6.93958
6.22712
5.7087
7.70434
6.75073
4.95559
7.3852
4.85512
7.26298
4.44296
5.8043
4.73993
5.91072
6.61342
4.41918
6.41037
7.08997
7.3029
4.20582
5.3112
5.79717
6.87489
1.59406
5.56431
4.84537
7.12527
6.10807
6.03773
5.69725
7.67133
6.29431
5.58952
7.17846
6.03413
7.04835
5.25355
6.44213
6.46658
7.51299
7.40764
7.52142
6.17207
6.78467
3.82858
7.5058
6.4425
5.81204
6.63312
7.96062
3.57283
6.24692
6.04021
0.577395
6.81011
7.06225
7.33092
5.23235
5.87902
7.17413
7.65613
7.1966
4.68864
8.10694
6.79857
8.04604
6.01634
6.33467
7.31771
7.76505
7.43477
2.84754
6.68116
6.46002
6.35963
6.01427
5.86245
5.85723
0.00452778
0.582136
6.63007
5.98989
7.41343
6.81592
6.92147
5.00096
5.82243
6.18992
6.09835
4.88829
5.187
6.37148
5.62304
6.54423
6.74905
6.26908
6.84555
6.50365
4.48014
1.98577
3.4541
6.93226
6.33613
5.63028
3.92582
4.11954
4.54892
7.2008
5.6518
7.11407
7.88218
5.35674
6.84125
7.06244
7.13308
6.69495
4.2419
6.91986
6.95111
5.56069
7.14265
4.95741
6.76472
6.78449
5.08095
7.11477
4.48594
6.62353
7.57035
7.54809
5.04477
7.30753
7.10107
1.8704
5.55351
7.21641
7.30079
5.4287
6.95678
0.855732
6.48744
6.47267
6.79417
7.02453
7.04337
6.0999
7.27517
5.80313
7.3079
7.58388
3.93817
7.57374
7.29436
6.67344
6.22499
5.64078
6.82943
5.19278
6.12964
7.98286
7.80174
7.25651
6.13471
7.01115
6.92202
6.56999
4.88639
6.94361
5.32773
7.07049
5.49578
6.43401
8.16455
6.33289
6.85808
5.87874
6.91455
7.45316
6.4593
4.73895
5.98196
7.50211
3.13488
1.5226
5.79945
7.41998
6.36431
7.59321
2.77104
6.66175
5.77993
7.19813
7.13571
5.28892
5.8237
2.82857
7.55385
5.99561
7.37333
7.36179
7.01342
7.03554
5.90907
7.12687
6.00163
6.20008
6.69498
7.36379
7.4336
6.40428
6.5125
3.96545
3.11467
6.63963
0.774787
6.28992
3.52983
7.00424
7.74556
7.07193
5.45315
6.28108
6.76601
5.81986
4.31439
7.0815
6.93912
5.42836
6.64561
4.6807
5.8406
7.95989
7.9706
7.42672
7.08271
4.86582
4.99981
5.44619
6.01536
6.03314
5.4861
5.82683
6.28852
6.85554
4.15941
5.55088
6.31728
6.41428
6.56919
7.07673
5.78159
6.84434
5.86896
6.15496
7.55821
4.92502
3.92121
6.22004
6.35401
2.39528
5.44905
4.63457
7.89451
2.87913
7.1517
3.93005
6.66617
5.38446
6.44187
6.0621
7.42441
5.54126
3.13352
7.06116
4.69107
6.894
6.18005
2.51039
7.72759
7.6335
4.51971
6.96112
6.83549
6.4942
6.22396
7.25751
7.02789
7.80451
2.74741
6.95239
6.8974
7.57866
6.93306
7.17489
5.06471
5.38521
7.29058
6.80293
6.07993
7.50942
4.13901
6.92365
6.12714
6.91583
3.88903
5.44699
7.23674
3.82888
6.50832
5.09419
7.69966
7.85063
6.60811
7.12288
6.64162
7.0259
3.75621
5.27666
7.26132
1.91025
6.46839
1.65601
5.80126
7.0017
7.99406
5.51762
5.25232
5.96469
5.30925
4.49929
6.30806
6.88263
4.25402
7.22521
6.36711
6.51347
7.26924
5.78517
6.96662
6.66778
7.04896
8.02733
6.82322
6.11677
6.81043
5.89335
6.16283
7.10797
6.50952
7.61961
7.59711
6.23996
6.31343
5.90075
5.82613
7.836
7.7015
7.25628
4.85706
7.47742
6.26446
7.06502
4.88791
6.45625
6.12629
5.10391
6.52411
6.39188
3.50018
7.21671
6.16932
6.89556
5.33947
6.82816
6.59551
7.9271
5.95498
5.59593
6.67147
6.74002
5.07568
4.3166
6.46685
6.56157
6.45532
7.49363
5.94447
6.78303
7.11561
7.0516
4.0567
6.41364
7.29358
5.52687
6.37912
6.28866
7.64391
3.5822
4.23443
6.30673
3.43846
7.12771
6.84349
1.7046
6.6742
5.67292
6.51347
6.37255
5.86475
4.708
5.92399
6.2911
4.46708
7.5685
7.11191
5.65162
6.76076
6.9898
6.00867
6.31953
6.96389
4.50905
7.99099
2.79134
6.26266
6.18365
6.24674
6.51074
6.16587
4.82286
7.16969
6.04116
6.9167
5.71842
5.93648
4.89346
6.80407
7.09424
6.48154
0.100103
7.3047
8.07887
7.07616
6.61835
6.94449
6.47941
7.54479
7.93265
4.67176
4.39058
4.86322
6.97433
7.05269
7.32037
6.07055
2.74917
6.84626
4.54611
6.24853
6.59287
6.84596
6.20721
5.28793
7.19797
7.00177
6.13854
4.97813
5.05312
4.80163
5.20078
6.37022
5.78749
5.63342
6.98097
6.45395
5.2455
4.00257
5.68737
5.92812
4.04482
4.02188
7.50723
6.17141
4.78798
3.83775
7.13424
7.33173
5.14415
6.61335
3.95234
7.02622
7.40477
5.80257
6.10399
5.79338
6.65912
5.07057
7.0228
6.60084
5.71335
6.83021
6.23521
7.24752
3.924
6.58118
6.98708
7.02836
6.04108
7.0096
4.10238
6.13998
4.19327
7.28881
7.62141
6.68686
7.46304
7.80291
8.15096
7.3779
4.13176
7.82472
6.55557
8.56627
3.53332
7.12145
6.88756
6.15839
6.93876
6.98705
6.49379
7.56495
6.56208
5.78046
5.71329
6.15859
6.4173
7.40125
4.65389
6.71096
6.76974
6.90741
5.22573
8.21789
5.77755
5.36999
6.55662
7.18879
6.69667
6.42743
7.57021
7.03164
4.19915
6.99842
7.31416
5.12794
3.09444
5.53277
6.99601
3.2443
6.87779
3.70679
6.5436
6.14679
6.07656
6.22854
6.38494
6.72972
7.05417
7.72777
6.11337
6.02038
7.22451
7.54041
6.83868
6.77364
2.77543
6.57137
6.41322
6.16951
7.40752
6.79403
5.55635
5.44254
5.67097
6.85219
7.79152
8.09496
5.61612
6.68565
6.15949
7.02002
6.05764
7.46073
7.23603
6.67132
8.00478
1.86475
4.84903
6.33572
7.01226
6.31551
6.65547
7.13271
6.92914
6.82704
6.79192
7.60759
6.33569
6.99109
4.89041
7.37766
6.96099
6.82685
6.09953
6.16963
6.85593
4.1109
5.9153
5.71755
6.52115
7.12161
5.19541
7.86705
6.9392
4.79698
7.39296
8.0935
7.79556
6.58112
7.30169
7.04702
4.39775
5.51049
5.13742
6.85929
7.50563
6.27825
7.18277
4.19511
7.52593
7.71173
4.35731
5.29851
7.61494
6.06424
5.34527
7.53426
7.87792
4.19143
5.88658
3.51038
7.30177
1.3847
4.84392
7.26195
6.18784
8.15934
5.5672
0.764595
3.94521
6.34919
6.00727
4.24433
7.64638
7.21302
6.73137
6.66857
7.66813
7.58036
5.94047
7.26423
7.93104
6.14436
6.45035
5.27073
5.99754
6.40266
5.60348
6.6636
6.34853
5.8453
7.24108
6.22979
6.85165
6.24189
6.19318
5.72657
6.93915
5.83756
5.6276
6.813
6.34063
7.2533
6.6781
6.91171
5.69078
8.1825
3.75067
6.67853
7.31263
7.41335
5.9698
6.84133
6.47679
5.81814
6.7809
5.14584
7.15302
6.65403
7.25637
6.74751
7.02998
7.47474
5.39779
7.79128
5.93458
3.6508
4.46341
7.16221
3.15723
5.80325
7.55374
7.00555
7.09859
7.18404
6.08135
6.49121
8.25538
6.82029
7.53642
7.03461
7.67052
6.78999
4.76197
7.00413
6.80968
5.80825
6.17635
7.19301
8.01179
4.62342
7.60875
7.48966
7.51761
6.8707
6.48896
5.21614
6.82867
7.38339
6.41918
6.90781
6.90363
6.90938
6.87998
7.07753
4.0961
5.05688
4.50525
5.43022
6.06751
8.30015
6.33789
6.87889
3.51821
3.59275
6.51558
6.52494
6.23046
6.96545
7.91839
2.48748
7.09301
4.1397
5.59749
7.17732
6.58241
7.25541
6.94322
6.9376
7.25635
6.24208
5.58092
7.69089
7.07278
6.92524
6.18735
6.59372
6.76692
4.21922
7.17731
7.13533
5.93231
5.75109
5.10052
6.50319
7.44894
6.84399
5.88503
6.04634
8.24611
7.61365
5.26899
5.45069
8.39682
6.0284
5.40829
4.51038
7.89739
7.83056
8.32827
5.41026
7.14896
7.10548
3.71476
5.15821
7.43831
6.88946
5.46979
5.88337
6.15576
5.37416
6.64169
6.38162
4.01553
6.69891
6.15889
7.63232
6.2929
7.90163
4.42554
5.58613
7.98661
7.44649
4.20455
7.27894
7.71115
2.73093
6.66793
7.31911
7.44621
7.74577
5.0152
7.05532
7.277
5.02974
6.92967
1.68957
7.03694
6.1209
5.32844
7.0854
6.66385
5.9707
5.56197
7.68656
5.91827
6.62995
7.48328
5.6452
7.4963
4.58149
6.94073
6.32275
6.96405
5.47957
4.62875
5.07871
5.90657
5.55118
6.83099
4.49014
5.79077
6.57106
4.52177
6.70547
7.21352
6.44267
6.54091
5.77469
6.14186
7.59961
3.91347
6.57818
1.1979
6.93755
1.79811
5.92868
1.28073
4.58876
1.52779
5.32037
6.42432
5.13286
6.71576
5.72985
5.90841
6.02673
6.41691
3.45717
6.50305
6.599
6.67388
7.36381
6.71783
1.41776
3.63074
6.09289
6.12853
4.88646
7.28307
5.45967
4.97595
5.34824
1.80106
6.34203
6.67526
7.80401
6.72787
6.19245
8.27316
5.32199
6.0256
6.03806
6.14768
5.75045
6.51605
7.13623
7.57022
4.54775
5.79208
5.07615
8.20976
7.96445
5.38684
6.76902
8.20138
7.72283
7.23564
6.62134
5.6546
3.17008
5.64921
4.98532
6.93574
7.30104
5.44393
5.49028
7.36608
6.39824
5.97056
5.71128
4.53195
6.89227
3.86124
6.49226
2.96753
7.73233
6.2007
6.57286
7.38886
6.25193
4.04051
5.38351
6.31253
4.49103
6.61755
7.34005
4.61923
6.2854
6.08441
7.27812
6.41672
7.13205
5.66422
7.39977
6.88932
4.73906
6.67509
5.65323
4.21385
7.49664
3.26106
7.47299
5.68621
5.95142
6.02418
6.85637
7.4485
6.51512
5.0138
6.73118
5.38365
6.89321
6.54712
5.30242
6.13229
7.4775
7.5891
5.69104
5.07714
5.9335
5.65918
7.73025
7.66364
2.49166
6.98975
6.40043
6.6176
3.45362
6.86955
6.42902
7.32546
6.30241
6.28674
7.42536
7.11982
6.72312
6.53061
6.96634
6.76695
6.85752
5.4779
6.42222
5.27453
6.24357
7.21603
2.68062
6.96707
5.22687
2.3896
7.4722
6.78586
4.42661
7.45302
6.33751
6.94417
5.29193
6.20583
7.73202
8.46058
4.52657
5.52734
7.37008
6.41743
6.26455
6.49918
6.47067
4.60595
7.58692
7.70649
5.46861
4.69543
6.11031
6.26495
4.89359
7.14482
6.39013
6.86674
6.51078
7.5725
6.50517
5.32819
5.41249
7.4847
6.19081
6.32406
6.905
5.84137
6.56835
3.09035
7.14761
2.59457
6.39287
5.66873
7.32264
5.99715
1.08061
7.27985
3.63494
7.0464
3.00127
4.37122
6.85837
5.00166
6.69869
6.50995
6.5737
4.52059
7.42743
6.06576
7.58485
7.34046
4.43814
5.45847
6.66638
6.51488
6.60088
8.05834
5.24658
6.22037
3.85904
6.66122
6.81297
6.17671
7.02913
6.40719
6.70597
7.32117
2.57239
7.72588
6.99456
5.74655
7.02266
5.52304
5.03563
2.99204
5.07045
7.02358
7.94206
6.20272
6.84285
5.73145
6.96682
7.68811
5.90803
6.57379
6.73572
6.74472
6.86112
7.39394
5.46445
6.26138
7.88581
6.0761
7.33315
7.57958
4.37023
7.18854
6.49206
6.01658
7.07344
6.93308
6.87534
5.90142
4.86483
6.42233
6.22223
7.52765
3.29069
7.16471
6.22757
5.16387
6.28183
7.1993
6.86881
5.27612
6.07617
7.43863
7.13095
7.73194
1.4455
7.64607
7.61415
6.2742
7.69957
7.83518
6.53873
7.02995
5.63176
5.21064
5.78039
6.53487
6.69935
8.04907
5.32929
4.3033
6.85907
7.61567
6.09999
6.46616
5.44482
6.35223
6.50252
7.02487
1.62545
7.6994
5.10701
8.25847
6.76359
6.43316
5.12867
5.63694
6.4661
6.67135
6.41367
4.74189
5.86992
4.84511
6.44409
7.23906
2.04864
7.28779
7.38798
6.3225
5.52638
5.97572
6.11694
6.66189
6.83108
5.90339
5.23978
5.90418
5.16264
6.68546
7.69788
7.21602
7.02674
7.29454
6.90249
6.30036
6.50255
7.17948
5.38413
6.29148
7.71009
4.34265
5.79887
6.4653
6.78582
3.78974
6.54163
6.897
6.70887
7.87509
6.63108
7.11959
6.21387
5.70354
7.98619
6.84289
7.95826
6.48738
5.50932
7.56245
7.28583
6.52791
5.8572
7.46777
6.88457
6.3411
7.29681
7.61173
5.10102
4.88564
4.99679
5.62196
7.89459
2.99158
5.85478
5.76571
7.01508
5.66631
6.57382
7.59732
7.24075
6.36926
6.78584
6.84575
7.44778
5.88872
6.856
7.93885
5.75079
6.69692
7.19331
6.37789
6.32526
7.41747
7.39264
6.97466
6.2322
7.31668
6.33478
7.27202
5.90252
5.30361
6.37055
5.21351
7.3112
4.60315
8.27298
6.58122
5.86536
4.67968
7.14643
6.00546
7.08019
6.95779
3.24499
6.56386
6.03369
6.56178
6.13663
6.86079
7.62823
7.37143
6.7389
6.73317
7.12034
5.04843
7.81608
6.12287
7.16397
6.238
7.42892
6.61086
6.17788
7.71035
5.58739
6.46121
6.36622
6.11842
5.95766
6.11385
6.85087
6.20995
7.24495
4.73341
3.01178
6.90246
5.82009
5.42457
5.06899
6.66409
7.05064
6.16188
5.4484
7.04322
6.37502
6.42706
6.97492
6.25934
4.6161
7.25198
4.69063
7.15904
7.93566
7.07586
7.01033
6.55339
7.97074
6.49672
6.92892
6.64807
7.06659
6.31032
6.02513
8.13421
4.86208
5.98517
6.75113
0.836446
6.86855
7.62481
5.78785
6.95983
5.83295
6.35345
5.74784
7.02952
5.17443
7.80613
7.99285
5.86663
6.47083
7.74921
6.28489
2.07406
6.24839
5.25303
6.31227
6.29806
7.75866
6.94278
3.16193
5.43116
4.71688
5.62713
7.09976
7.10665
6.39629
6.71945
6.08849
7.22159
7.16882
6.74763
6.51307
6.94479
6.36058
7.17894
5.56398
8.04251
6.29906
6.78311
6.80214
6.50868
4.57273
4.98466
7.06528
6.50238
5.7994
7.28689
6.01379
6.52466
6.32167
6.226
6.25096
6.1152
6.68026
7.11593
5.98859
6.63961
7.04096
5.80946
7.82838
5.06191
5.79081
2.31574
6.97933
6.54824
7.94779
5.59702
6.68241
5.91888
2.84612
5.99491
6.20307
7.84465
6.29201
6.64891
3.42637
8.33899
6.80026
5.47602
6.55577
4.74014
6.80127
3.81155
4.31852
3.4232
5.11232
7.17832
7.66718
5.71291
7.29288
5.33141
5.79683
6.69458
7.87625
7.20391
7.09241
6.33865
4.73862
6.93557
6.90388
5.66672
3.37162
4.08069
7.78642
6.76649
8.3282
3.88058
3.86809
6.63103
8.15624
6.93926
5.80638
4.75181
6.28288
7.99583
7.44728
6.472
7.63868
6.67926
0.0210672
6.75693
7.51073
6.74383
4.51171
5.35943
5.20713
7.66955
3.07669
5.37249
6.59987
6.96997
7.02644
7.35999
6.71044
6.36563
7.14311
5.4739
7.41576
6.90372
7.27819
6.68749
7.9825
6.94517
6.33301
8.00489
5.23602
6.42515
8.05863
5.5934
2.89864
4.83029
5.68277
7.08712
4.77344
6.63383
6.11683
4.27661
6.80798
7.66954
3.45838
7.24032
7.77624
6.41112
6.20624
6.05398
7.11944
3.87057
6.6467
7.22782
7.37004
6.49888
4.97749
7.85293
0.877414
5.06408
6.3181
7.42084
6.43881
5.4544
6.25148
6.8687
4.85364
7.23935
5.10434
5.53351
6.89619
7.3337
6.6939
6.88409
4.33803
6.16247
6.6201
7.25189
6.858
7.77899
6.92075
6.88034
6.81466
7.3815
6.30282
6.75775
6.90072
6.59711
7.04066
5.50002
6.36886
7.34152
3.74645
7.56113
7.08829
4.57088
6.16305
5.70955
2.36552
5.82421
7.10593
8.00034
7.08622
6.78711
8.05813
5.17826
7.01367
1.37977
5.70461
2.68423
6.3533
5.11649
6.25269
5.33621
6.55923
6.89945
7.47843
5.34624
7.81339
5.92836
7.35449
7.78499
6.7193
6.85051
5.60876
4.0621
6.71125
6.23131
7.34254
5.47309
6.44943
5.60193
6.20573
6.32745
6.69611
4.11984
7.9074
2.51246
6.43443
3.30211
6.28157
3.80565
6.21103
7.77718
7.02045
6.41411
6.44702
5.96408
6.93837
6.48217
7.14721
5.97397
5.92169
7.39869
5.59142
6.83962
4.08892
5.85423
1.78782
6.16156
7.52767
5.2179
6.80824
7.24148
7.72845
7.62579
7.46122
6.82467
6.9167
2.32632
5.80813
5.48264
2.76494
7.82146
6.50279
5.99935
7.34985
5.12777
6.9001
4.34068
5.68012
5.78088
7.132
6.2098
7.01682
7.59864
6.81283
5.55037
7.06381
7.76131
6.36255
5.09877
5.7891
7.69054
7.74881
5.5258
6.12555
6.42531
6.14048
5.03868
7.32737
3.12346
7.29864
5.10549
7.27322
6.7024
7.46118
7.23782
2.27358
7.01682
7.22177
6.94262
6.99773
5.44515
3.32125
6.37159
6.83664
6.25655
6.692
3.60164
6.82521
6.76948
7.05757
6.54145
7.2632
5.33965
8.07836
7.85776
5.70835
6.02791
7.1956
4.1259
6.07024
3.57133
8.23083
6.78346
4.50232
6.51569
6.28328
7.22701
6.43326
5.9034
7.20983
7.27843
5.43345
4.45837
4.58216
6.26429
6.53337
4.73879
6.00712
4.92049
6.92299
7.00417
